251.08991825613077, 0.44868735083532224
253.26975476839235, 0.4415274463007161
255.44959128065395, 0.44868735083532213
257.08446866485014, 0.45823389021479705
258.1743869209809, 0.4701670644391408
258.7193460490463, 0.4821002386634846
259.8092643051771, 0.496420047732697
260.8991825613079, 0.5107398568019094
261.4441416893733, 0.5178997613365156
262.53405994550405, 0.5298329355608592
263.07901907356944, 0.539379474940334
263.6239782016349, 0.5536992840095467
264.16893732970027, 0.5656324582338903
266.3487738419618, 0.5799522673031028
266.89373297002726, 0.5942720763723152
267.43869209809264, 0.6062052505966586
269.0735694822888, 0.6205250596658712
270.1634877384196, 0.6348448687350836
272.3433242506812, 0.6467780429594271
274.5231607629428, 0.6610978520286398
277.79291553133515, 0.6634844868735085
278.8828337874659, 0.6563245823389025
281.06267029972753, 0.649164677804296
282.1525885558583, 0.6396181384248211
283.78746594005446, 0.6205250596658712
284.8773841961853, 0.6085918854415275
285.4223433242507, 0.5966587112171837
286.51226158038145, 0.5823389021479715
287.05722070844683, 0.5680190930787591
287.05722070844683, 0.5560859188544153
287.6021798365122, 0.5393794749403341
288.69209809264305, 0.5250596658711217
289.23705722070844, 0.5131264916467781
290.32697547683927, 0.4916467780429594
290.87193460490465, 0.47732696897374716
291.9618528610354, 0.4630071599045346
293.0517711171662, 0.44868735083532213
293.5967302452316, 0.431980906921241
294.141689373297, 0.41527446300716
295.2316076294278, 0.4009546539379474
296.3215258855586, 0.38424821002386644
297.41144414168934, 0.36038186157517893
296.86648501362396, 0.3723150357995227
298.5013623978202, 0.34606205250596656
299.04632152588556, 0.33412887828162285
300.13623978201633, 0.32219570405727926
301.2261580381471, 0.30787589498806694
302.8610354223433, 0.29355608591885435
304.4959128065395, 0.2816229116945108
306.6757493188011, 0.2673031026252982
309.40054495912807, 0.25298329355608584
312.6702997275204, 0.2482100238663484
315.9400544959128, 0.2482100238663484
320.29972752043597, 0.2482100238663484
323.56948228882834, 0.2505966587112173
326.2942779291553, 0.25298329355608584
329.5640326975477, 0.26014319809069214
330.6539509536785, 0.2673031026252982
332.8337874659401, 0.2840095465393795
334.4686648501362, 0.2935560859188544
336.1035422343324, 0.30548926014319816
337.1934604904632, 0.32219570405727926
338.283378746594, 0.33651551312649164
339.3732970027248, 0.34844868735083545
339.9182561307902, 0.36038186157517893
340.4632152588556, 0.3699284009546539
341.55313351498637, 0.3842482100238664
342.09809264305176, 0.39856801909307876
343.1880108991826, 0.41527446300716003
344.27792915531336, 0.431980906921241
344.8228882833787, 0.44868735083532224
345.36784741144413, 0.46300715990453467
345.9128065395095, 0.4797136038186158
347.0027247956403, 0.5035799522673031
348.0926430517711, 0.5131264916467781
348.6376021798365, 0.5250596658711217
349.18256130790195, 0.5417661097852029
350.2724795640327, 0.5560859188544153
350.8174386920981, 0.5704057279236276
351.3623978201635, 0.5894988066825777
352.45231607629427, 0.6133651551312651
354.0871934604904, 0.6396181384248211
355.1771117166212, 0.6587112171837709
355.72207084468664, 0.6825775656324582
356.8119891008174, 0.6992840095465396
357.35694822888286, 0.7183770883054894
357.90190735694824, 0.7326968973747018
358.991825613079, 0.7541766109785204
359.5367847411444, 0.7684964200477328
360.0817438692098, 0.7899761336515515
360.6267029972752, 0.8138424821002388
360.6267029972752, 0.8281622911694512
361.17166212534056, 0.8424821002386638
362.26158038147133, 0.8544152744630072
362.26158038147133, 0.8687350835322196
362.8065395095368, 0.8878281622911696
363.8964577656675, 0.902147971360382
364.44141689373294, 0.9140811455847259
364.44141689373294, 0.9284009546539382
365.53133514986376, 0.9427207637231506
366.62125340599454, 0.9642004773269692
367.1662125340599, 0.9785202863961816
368.2561307901907, 0.992840095465394
370.43596730245224, 1.0000000000000002
371.52588555858307, 0.9832935560859188
372.61580381471384, 0.9713603818615755
373.7057220708447, 0.9522673031026256
375.8855585831062, 0.9331742243436757
376.975476839237, 0.9188544152744633
377.52043596730243, 0.9069212410501194
378.0653950953679, 0.8926014319809071
379.15531335149865, 0.8782816229116948
380.2452316076294, 0.8615751789976136
380.7901907356948, 0.847255369928401
381.88010899182564, 0.8329355608591886
383.51498637602174, 0.821002386634845
385.14986376021795, 0.8066825775656327
385.69482288828334, 0.7923627684964202
386.78474114441417, 0.7828162291169453
388.4196185286103, 0.775656324582339
391.1444141689373, 0.7684964200477329
394.4141689373297, 0.7661097852028641
397.1389645776567, 0.7708830548926016
400.408719346049, 0.7780429594272078
403.133514986376, 0.7875894988066827
405.858310626703, 0.7947494033412889
409.1280653950953, 0.8019093078758952
411.85286103542234, 0.8042959427207639
414.57765667574927, 0.7995226730310264
416.75749318801087, 0.7899761336515515
418.392370572207, 0.7804295942720764
419.4822888283378, 0.7684964200477328
421.117166212534, 0.7589498806682579
422.20708446866485, 0.7470167064439143
423.2970027247957, 0.7374701670644392
424.38692098092645, 0.7207637231503581
424.3869209809264, 0.7040572792362769
425.4768392370572, 0.6873508353221957
426.566757493188, 0.6706443914081147
427.65667574931877, 0.6587112171837709
428.2016348773842, 0.6467780429594272
428.74659400544954, 0.6324582338902147
429.291553133515, 0.6229116945107398
429.8365122615804, 0.6109785202863962
430.38147138964575, 0.5990453460620526
430.92643051771114, 0.5775656324582339
432.01634877384197, 0.5608591885441527
433.10626702997274, 0.5489260143198091
433.6512261580381, 0.5369928400954653
434.1961852861035, 0.5250596658711216
434.74114441416884, 0.503579952267303
435.2861035422343, 0.4916467780429594
435.83106267029973, 0.47016706443914097
437.46594005449583, 0.4439140811455848
438.0108991825613, 0.4248210023866349
438.5558583106267, 0.41050119331742246
439.6457765667575, 0.39856801909307876
440.1907356948229, 0.3914081145584724
441.28065395095365, 0.3747016706443916
442.3705722070845, 0.3579952267303102
442.3705722070845, 0.34606205250596656
442.9155313351498, 0.3389021479713604
443.46049046321525, 0.32935560859188545
444.550408719346, 0.32935560859188534
445.09536784741147, 0.3126491646778044
445.09536784741147, 0.29832935560859175
446.18528610354224, 0.27684964200477336
447.275204359673, 0.2577565632458233
448.3651226158038, 0.24343675417661098
449.99999999999994, 0.22195704057279225
451.08991825613083, 0.21002386634844877
451.6348773841962, 0.19331742243436761
452.1798365122616, 0.17661097852028637
453.81471389645776, 0.16467780429594286
455.9945504087193, 0.1479713603818616
458.17438692098085, 0.1312649164677804
460.3542234332425, 0.11933174224343669
462.53405994550405, 0.1097852028639617
466.8937329700272, 0.10262529832935559
470.16348773841963, 0.10023866348448687
472.8882833787466, 0.09785202863961814
478.33787465940054, 0.09785202863961827
482.69754768392363, 0.09546539379474929
486.5122615803814, 0.0978520286396182
490.8719346049046, 0.10023866348448679
492.5068119891008, 0.1026252983293557
495.2316076294278, 0.10739856801909316
497.9564032697548, 0.11217183770883064
501.7711171662125, 0.11933174224343665
503.9509536784741, 0.12410501193317422
506.6757493188011, 0.12649164677804287
509.94550408719346, 0.13126491646778035
513.7602179836513, 0.1360381861575178
519.2098092643052, 0.13842482100238668
522.4795640326975, 0.13842482100238668
526.8392370572208, 0.13842482100238654
530.6539509536785, 0.13842482100238682
535.558583106267, 0.13603818615751792
537.7384196185286, 0.13842482100238654
539.9182561307903, 0.13842482100238673
542.6430517711171, 0.14081145584725527
545.9128065395095, 0.14558472553699267
551.9073569482289, 0.14797136038186165
554.0871934604904, 0.15513126491646767
556.8119891008174, 0.15990453460620505
560.0817438692097, 0.16229116945107397
564.9863760217983, 0.16229116945107383
568.2561307901908, 0.16229116945107408
570.9809264305177, 0.15990453460620513
573.7057220708446, 0.1575178997613365
574.7956403269754, 0.15513126491646756
576.975476839237, 0.1503579952267302
579.1553133514985, 0.1455847255369926
581.8801089918256, 0.13603818615751787
584.0599455040872, 0.12410501193317414
587.3297002724796, 0.11217183770883046
591.1444141689374, 0.1026252983293558
593.3242506811989, 0.09546539379474928
594.959128065395, 0.08830548926014312
597.683923705722, 0.078758949880668
601.4986376021798, 0.07159904534606212
604.2234332425066, 0.06205250596658723
608.58310626703, 0.05011933174224335
612.9427792915532, 0.04057279236276834
617.3024523160764, 0.031026252983293607
621.6621253405995, 0.028639618138424694
624.9318801089917, 0.02863961813842489
629.8365122615803, 0.02386634844868724
635.2861035422343, 0.019093078758949788
638.5558583106267, 0.016706443914080986
642.3705722070845, 0.01431980906921236
645.0953678474114, 0.01193317422434359
648.3651226158038, 0.011933174224343392