# wavelength_nm  intensity
200.000000 0.008144
200.500000 0.008253
201.000000 0.008365
201.500000 0.008478
202.000000 0.008592
202.500000 0.008709
203.000000 0.008827
203.500000 0.008948
204.000000 0.009070
204.500000 0.009195
205.000000 0.009321
205.500000 0.009450
206.000000 0.009580
206.500000 0.009713
207.000000 0.009848
207.500000 0.009986
208.000000 0.010125
208.500000 0.010267
209.000000 0.010412
209.500000 0.010559
210.000000 0.010708
210.500000 0.010861
211.000000 0.011015
211.500000 0.011173
212.000000 0.011333
212.500000 0.011497
213.000000 0.011663
213.500000 0.011832
214.000000 0.012004
214.500000 0.012179
215.000000 0.012358
215.500000 0.012540
216.000000 0.012725
216.500000 0.012913
217.000000 0.013106
217.500000 0.013301
218.000000 0.013501
218.500000 0.013704
219.000000 0.013912
219.500000 0.014123
220.000000 0.014338
220.500000 0.014558
221.000000 0.014782
221.500000 0.015011
222.000000 0.015244
222.500000 0.015481
223.000000 0.015724
223.500000 0.015972
224.000000 0.016225
224.500000 0.016483
225.000000 0.016746
225.500000 0.017015
226.000000 0.017290
226.500000 0.017570
227.000000 0.017857
227.500000 0.018150
228.000000 0.018450
228.500000 0.018756
229.000000 0.019069
229.500000 0.019389
230.000000 0.019716
230.500000 0.020051
231.000000 0.020393
231.500000 0.020744
232.000000 0.021103
232.500000 0.021470
233.000000 0.021846
233.500000 0.022232
234.000000 0.022627
234.500000 0.023031
235.000000 0.023446
235.500000 0.023871
236.000000 0.024307
236.500000 0.024754
237.000000 0.025213
237.500000 0.025684
238.000000 0.026168
238.500000 0.026665
239.000000 0.027175
239.500000 0.027699
240.000000 0.028237
240.500000 0.028791
241.000000 0.029361
241.500000 0.029947
242.000000 0.030551
242.500000 0.031172
243.000000 0.031811
243.500000 0.032471
244.000000 0.033150
244.500000 0.033851
245.000000 0.034574
245.500000 0.035320
246.000000 0.036090
246.500000 0.036885
247.000000 0.037708
247.500000 0.038558
248.000000 0.039437
248.500000 0.040348
249.000000 0.041290
249.500000 0.042267
250.000000 0.043280
250.500000 0.044330
251.000000 0.045420
251.500000 0.046552
252.000000 0.047729
252.500000 0.048952
253.000000 0.050226
253.500000 0.051551
254.000000 0.052933
254.500000 0.054374
255.000000 0.055878
255.500000 0.057449
256.000000 0.059090
256.500000 0.060808
257.000000 0.062607
257.500000 0.064492
258.000000 0.066468
258.500000 0.068544
259.000000 0.070725
259.500000 0.073018
260.000000 0.075433
260.500000 0.077977
261.000000 0.080659
261.500000 0.083491
262.000000 0.086482
262.500000 0.089645
263.000000 0.092991
263.500000 0.096534
264.000000 0.100287
264.500000 0.104265
265.000000 0.108481
265.500000 0.112952
266.000000 0.117691
266.500000 0.122713
267.000000 0.128030
267.500000 0.133653
268.000000 0.139589
268.500000 0.145842
269.000000 0.152409
269.500000 0.159281
270.000000 0.166440
270.500000 0.173856
271.000000 0.181489
271.500000 0.189284
272.000000 0.197174
272.500000 0.205078
273.000000 0.212906
273.500000 0.220560
274.000000 0.227939
274.500000 0.234947
275.000000 0.241495
275.500000 0.247512
276.000000 0.252945
276.500000 0.257769
277.000000 0.261979
277.500000 0.265599
278.000000 0.268674
278.500000 0.271266
279.000000 0.273455
279.500000 0.275329
280.000000 0.276986
280.500000 0.278524
281.000000 0.280044
281.500000 0.281642
282.000000 0.283415
282.500000 0.285450
283.000000 0.287831
283.500000 0.290634
284.000000 0.293928
284.500000 0.297774
285.000000 0.302224
285.500000 0.307324
286.000000 0.313113
286.500000 0.319621
287.000000 0.326875
287.500000 0.334893
288.000000 0.343690
288.500000 0.353272
289.000000 0.363645
289.500000 0.374808
290.000000 0.386756
290.500000 0.399483
291.000000 0.412980
291.500000 0.427238
292.000000 0.442248
292.500000 0.458003
293.000000 0.474496
293.500000 0.491722
294.000000 0.509673
294.500000 0.528339
295.000000 0.547699
295.500000 0.567721
296.000000 0.588355
296.500000 0.609526
297.000000 0.631128
297.500000 0.653025
298.000000 0.675040
298.500000 0.696964
299.000000 0.718549
299.500000 0.739518
300.000000 0.759573
300.500000 0.778402
301.000000 0.795696
301.500000 0.811161
302.000000 0.824536
302.500000 0.835601
303.000000 0.844195
303.500000 0.850218
304.000000 0.853638
304.500000 0.854493
305.000000 0.852878
305.500000 0.848944
306.000000 0.842886
306.500000 0.834927
307.000000 0.825313
307.500000 0.814292
308.000000 0.802113
308.500000 0.789010
309.000000 0.775199
309.500000 0.760872
310.000000 0.746196
310.500000 0.731310
311.000000 0.716327
311.500000 0.701340
312.000000 0.686416
312.500000 0.671610
313.000000 0.656963
313.500000 0.642508
314.000000 0.628274
314.500000 0.614288
315.000000 0.600576
315.500000 0.587170
316.000000 0.574101
316.500000 0.561404
317.000000 0.549118
317.500000 0.537279
318.000000 0.525925
318.500000 0.515091
319.000000 0.504810
319.500000 0.495109
320.000000 0.486012
320.500000 0.477536
321.000000 0.469694
321.500000 0.462492
322.000000 0.455931
322.500000 0.450007
323.000000 0.444711
323.500000 0.440029
324.000000 0.435943
324.500000 0.432430
325.000000 0.429464
325.500000 0.427014
326.000000 0.425045
326.500000 0.423521
327.000000 0.422400
327.500000 0.421636
328.000000 0.421183
328.500000 0.420992
329.000000 0.421011
329.500000 0.421189
330.000000 0.421478
330.500000 0.421828
331.000000 0.422195
331.500000 0.422542
332.000000 0.422836
332.500000 0.423052
333.000000 0.423174
333.500000 0.423195
334.000000 0.423118
334.500000 0.422954
335.000000 0.422723
335.500000 0.422452
336.000000 0.422173
336.500000 0.421924
337.000000 0.421746
337.500000 0.421681
338.000000 0.421773
338.500000 0.422063
339.000000 0.422595
339.500000 0.423406
340.000000 0.424533
340.500000 0.426010
341.000000 0.427868
341.500000 0.430134
342.000000 0.432832
342.500000 0.435984
343.000000 0.439609
343.500000 0.443722
344.000000 0.448337
344.500000 0.453464
345.000000 0.459111
345.500000 0.465286
346.000000 0.471990
346.500000 0.479225
347.000000 0.486989
347.500000 0.495278
348.000000 0.504085
348.500000 0.513399
349.000000 0.523206
349.500000 0.533490
350.000000 0.544229
350.500000 0.555399
351.000000 0.566973
351.500000 0.578917
352.000000 0.591198
352.500000 0.603775
353.000000 0.616607
353.500000 0.629650
354.000000 0.642857
354.500000 0.656179
355.000000 0.669568
355.500000 0.682973
356.000000 0.696346
356.500000 0.709636
357.000000 0.722797
357.500000 0.735782
358.000000 0.748545
358.500000 0.761041
359.000000 0.773229
359.500000 0.785066
360.000000 0.796511
360.500000 0.807523
361.000000 0.818061
361.500000 0.828087
362.000000 0.837560
362.500000 0.846443
363.000000 0.854698
363.500000 0.862291
364.000000 0.869189
364.500000 0.875365
365.000000 0.880794
365.500000 0.885456
366.000000 0.889339
366.500000 0.892434
367.000000 0.894739
367.500000 0.896259
368.000000 0.897005
368.500000 0.896993
369.000000 0.896244
369.500000 0.894784
370.000000 0.892643
370.500000 0.889856
371.000000 0.886459
371.500000 0.882489
372.000000 0.877987
372.500000 0.872994
373.000000 0.867552
373.500000 0.861700
374.000000 0.855481
374.500000 0.848936
375.000000 0.842104
375.500000 0.835025
376.000000 0.827737
376.500000 0.820278
377.000000 0.812685
377.500000 0.804992
378.000000 0.797234
378.500000 0.789443
379.000000 0.781651
379.500000 0.773886
380.000000 0.766177
380.500000 0.758549
381.000000 0.751024
381.500000 0.743625
382.000000 0.736369
382.500000 0.729273
383.000000 0.722350
383.500000 0.715614
384.000000 0.709073
384.500000 0.702735
385.000000 0.696606
385.500000 0.690690
386.000000 0.684991
386.500000 0.679511
387.000000 0.674252
387.500000 0.669215
388.000000 0.664401
388.500000 0.659809
389.000000 0.655441
389.500000 0.651298
390.000000 0.647379
390.500000 0.643687
391.000000 0.640220
391.500000 0.636981
392.000000 0.633969
392.500000 0.631183
393.000000 0.628624
393.500000 0.626289
394.000000 0.624177
394.500000 0.622281
395.000000 0.620598
395.500000 0.619121
396.000000 0.617839
396.500000 0.616743
397.000000 0.615819
397.500000 0.615053
398.000000 0.614426
398.500000 0.613920
399.000000 0.613513
399.500000 0.613181
400.000000 0.612899
400.500000 0.612640
401.000000 0.612374
401.500000 0.612073
402.000000 0.611705
402.500000 0.611238
403.000000 0.610642
403.500000 0.609885
404.000000 0.608936
404.500000 0.607764
405.000000 0.606341
405.500000 0.604642
406.000000 0.602640
406.500000 0.600314
407.000000 0.597645
407.500000 0.594618
408.000000 0.591220
408.500000 0.587442
409.000000 0.583280
409.500000 0.578733
410.000000 0.573803
410.500000 0.568498
411.000000 0.562828
411.500000 0.556807
412.000000 0.550451
412.500000 0.543779
413.000000 0.536815
413.500000 0.529582
414.000000 0.522105
414.500000 0.514410
415.000000 0.506526
415.500000 0.498479
416.000000 0.490298
416.500000 0.482009
417.000000 0.473639
417.500000 0.465214
418.000000 0.456758
418.500000 0.448294
419.000000 0.439843
419.500000 0.431426
420.000000 0.423061
420.500000 0.414764
421.000000 0.406552
421.500000 0.398437
422.000000 0.390432
422.500000 0.382546
423.000000 0.374790
423.500000 0.367170
424.000000 0.359693
424.500000 0.352364
425.000000 0.345187
425.500000 0.338166
426.000000 0.331302
426.500000 0.324598
427.000000 0.318053
427.500000 0.311668
428.000000 0.305443
428.500000 0.299376
429.000000 0.293466
429.500000 0.287712
430.000000 0.282110
430.500000 0.276659
431.000000 0.271356
431.500000 0.266198
432.000000 0.261182
432.500000 0.256305
433.000000 0.251565
433.500000 0.246957
434.000000 0.242478
434.500000 0.238125
435.000000 0.233896
435.500000 0.229786
436.000000 0.225791
436.500000 0.221910
437.000000 0.218139
437.500000 0.214474
438.000000 0.210913
438.500000 0.207451
439.000000 0.204087
439.500000 0.200818
440.000000 0.197640
440.500000 0.194550
441.000000 0.191546
441.500000 0.188626
442.000000 0.185785
442.500000 0.183023
443.000000 0.180336
443.500000 0.177722
444.000000 0.175179
444.500000 0.172703
445.000000 0.170294
445.500000 0.167948
446.000000 0.165664
446.500000 0.163438
447.000000 0.161270
447.500000 0.159158
448.000000 0.157098
448.500000 0.155089
449.000000 0.153130
449.500000 0.151218
450.000000 0.149351
450.500000 0.147529
451.000000 0.145748
451.500000 0.144007
452.000000 0.142305
452.500000 0.140640
453.000000 0.139011
453.500000 0.137415
454.000000 0.135851
454.500000 0.134319
455.000000 0.132816
455.500000 0.131341
456.000000 0.129894
456.500000 0.128472
457.000000 0.127075
457.500000 0.125701
458.000000 0.124350
458.500000 0.123021
459.000000 0.121712
459.500000 0.120423
460.000000 0.119154
460.500000 0.117903
461.000000 0.116669
461.500000 0.115453
462.000000 0.114254
462.500000 0.113071
463.000000 0.111904
463.500000 0.110752
464.000000 0.109616
464.500000 0.108494
465.000000 0.107388
465.500000 0.106295
466.000000 0.105217
466.500000 0.104153
467.000000 0.103103
467.500000 0.102067
468.000000 0.101045
468.500000 0.100036
469.000000 0.099041
469.500000 0.098060
470.000000 0.097092
470.500000 0.096137
471.000000 0.095196
471.500000 0.094268
472.000000 0.093353
472.500000 0.092451
473.000000 0.091562
473.500000 0.090686
474.000000 0.089823
474.500000 0.088973
475.000000 0.088136
475.500000 0.087311
476.000000 0.086498
476.500000 0.085698
477.000000 0.084910
477.500000 0.084133
478.000000 0.083369
478.500000 0.082617
479.000000 0.081876
479.500000 0.081147
480.000000 0.080429
480.500000 0.079722
481.000000 0.079026
481.500000 0.078341
482.000000 0.077666
482.500000 0.077002
483.000000 0.076349
483.500000 0.075705
484.000000 0.075072
484.500000 0.074448
485.000000 0.073834
485.500000 0.073229
486.000000 0.072634
486.500000 0.072048
487.000000 0.071471
487.500000 0.070903
488.000000 0.070343
488.500000 0.069792
489.000000 0.069249
489.500000 0.068715
490.000000 0.068188
490.500000 0.067670
491.000000 0.067159
491.500000 0.066656
492.000000 0.066160
492.500000 0.065672
493.000000 0.065190
493.500000 0.064716
494.000000 0.064249
494.500000 0.063788
495.000000 0.063335
495.500000 0.062887
496.000000 0.062446
496.500000 0.062012
497.000000 0.061584
497.500000 0.061161
498.000000 0.060745
498.500000 0.060334
499.000000 0.059930
499.500000 0.059530
500.000000 0.059137
500.500000 0.058749
501.000000 0.058366
501.500000 0.057988
502.000000 0.057616
502.500000 0.057249
503.000000 0.056886
503.500000 0.056529
504.000000 0.056176
504.500000 0.055828
505.000000 0.055485
505.500000 0.055146
506.000000 0.054812
506.500000 0.054482
507.000000 0.054156
507.500000 0.053835
508.000000 0.053518
508.500000 0.053205
509.000000 0.052896
509.500000 0.052591
510.000000 0.052290
510.500000 0.051993
511.000000 0.051699
511.500000 0.051410
512.000000 0.051124
512.500000 0.050841
513.000000 0.050563
513.500000 0.050287
514.000000 0.050016
514.500000 0.049747
515.000000 0.049482
515.500000 0.049221
516.000000 0.048962
516.500000 0.048707
517.000000 0.048455
517.500000 0.048206
518.000000 0.047961
518.500000 0.047718
519.000000 0.047478
519.500000 0.047241
520.000000 0.047008
520.500000 0.046777
521.000000 0.046548
521.500000 0.046323
522.000000 0.046100
522.500000 0.045881
523.000000 0.045663
523.500000 0.045449
524.000000 0.045237
524.500000 0.045028
525.000000 0.044821
525.500000 0.044617
526.000000 0.044415
526.500000 0.044216
527.000000 0.044019
527.500000 0.043824
528.000000 0.043632
528.500000 0.043442
529.000000 0.043254
529.500000 0.043069
530.000000 0.042886
530.500000 0.042705
531.000000 0.042526
531.500000 0.042350
532.000000 0.042175
532.500000 0.042003
533.000000 0.041832
533.500000 0.041664
534.000000 0.041498
534.500000 0.041333
535.000000 0.041171
535.500000 0.041010
536.000000 0.040851
536.500000 0.040694
537.000000 0.040539
537.500000 0.040386
538.000000 0.040234
538.500000 0.040085
539.000000 0.039936
539.500000 0.039790
540.000000 0.039645
540.500000 0.039502
541.000000 0.039360
541.500000 0.039220
542.000000 0.039081
542.500000 0.038944
543.000000 0.038808
543.500000 0.038674
544.000000 0.038541
544.500000 0.038409
545.000000 0.038279
545.500000 0.038150
546.000000 0.038022
546.500000 0.037896
547.000000 0.037771
547.500000 0.037647
548.000000 0.037524
548.500000 0.037402
549.000000 0.037281
549.500000 0.037162
550.000000 0.037044
550.500000 0.036926
551.000000 0.036810
551.500000 0.036694
552.000000 0.036580
552.500000 0.036467
553.000000 0.036354
553.500000 0.036243
554.000000 0.036133
554.500000 0.036023
555.000000 0.035914
555.500000 0.035806
556.000000 0.035700
556.500000 0.035594
557.000000 0.035488
557.500000 0.035384
558.000000 0.035281
558.500000 0.035178
559.000000 0.035077
559.500000 0.034976
560.000000 0.034876
560.500000 0.034777
561.000000 0.034678
561.500000 0.034581
562.000000 0.034485
562.500000 0.034389
563.000000 0.034294
563.500000 0.034200
564.000000 0.034107
564.500000 0.034015
565.000000 0.033923
565.500000 0.033833
566.000000 0.033743
566.500000 0.033654
567.000000 0.033566
567.500000 0.033479
568.000000 0.033393
568.500000 0.033308
569.000000 0.033224
569.500000 0.033140
570.000000 0.033058
570.500000 0.032976
571.000000 0.032895
571.500000 0.032815
572.000000 0.032736
572.500000 0.032657
573.000000 0.032580
573.500000 0.032503
574.000000 0.032428
574.500000 0.032353
575.000000 0.032279
575.500000 0.032206
576.000000 0.032133
576.500000 0.032061
577.000000 0.031991
577.500000 0.031920
578.000000 0.031851
578.500000 0.031782
579.000000 0.031714
579.500000 0.031647
580.000000 0.031581
580.500000 0.031515
581.000000 0.031450
581.500000 0.031385
582.000000 0.031321
582.500000 0.031257
583.000000 0.031194
583.500000 0.031132
584.000000 0.031070
584.500000 0.031009
585.000000 0.030948
585.500000 0.030887
586.000000 0.030827
586.500000 0.030767
587.000000 0.030707
587.500000 0.030648
588.000000 0.030589
588.500000 0.030530
589.000000 0.030471
589.500000 0.030413
590.000000 0.030355
590.500000 0.030296
591.000000 0.030238
591.500000 0.030180
592.000000 0.030122
592.500000 0.030063
593.000000 0.030005
593.500000 0.029947
594.000000 0.029888
594.500000 0.029829
595.000000 0.029770
595.500000 0.029711
596.000000 0.029652
596.500000 0.029592
597.000000 0.029532
597.500000 0.029472
598.000000 0.029411
598.500000 0.029350
599.000000 0.029289
599.500000 0.029227
600.000000 0.029164
600.500000 0.029102
601.000000 0.029038
601.500000 0.028975
602.000000 0.028911
602.500000 0.028846
603.000000 0.028781
603.500000 0.028715
604.000000 0.028649
604.500000 0.028582
605.000000 0.028515
605.500000 0.028447
606.000000 0.028378
606.500000 0.028309
607.000000 0.028240
607.500000 0.028170
608.000000 0.028100
608.500000 0.028029
609.000000 0.027957
609.500000 0.027886
610.000000 0.027813
610.500000 0.027740
611.000000 0.027667
611.500000 0.027594
612.000000 0.027520
612.500000 0.027445
613.000000 0.027370
613.500000 0.027295
614.000000 0.027220
614.500000 0.027144
615.000000 0.027068
615.500000 0.026991
616.000000 0.026915
616.500000 0.026838
617.000000 0.026761
617.500000 0.026684
618.000000 0.026606
618.500000 0.026529
619.000000 0.026451
619.500000 0.026373
620.000000 0.026295
620.500000 0.026217
621.000000 0.026139
621.500000 0.026061
622.000000 0.025983
622.500000 0.025905
623.000000 0.025827
623.500000 0.025749
624.000000 0.025671
624.500000 0.025593
625.000000 0.025515
625.500000 0.025438
626.000000 0.025360
626.500000 0.025282
627.000000 0.025205
627.500000 0.025128
628.000000 0.025051
628.500000 0.024974
629.000000 0.024897
629.500000 0.024821
630.000000 0.024744
630.500000 0.024668
631.000000 0.024593
631.500000 0.024517
632.000000 0.024442
632.500000 0.024367
633.000000 0.024292
633.500000 0.024217
634.000000 0.024143
634.500000 0.024069
635.000000 0.023996
635.500000 0.023922
636.000000 0.023849
636.500000 0.023777
637.000000 0.023704
637.500000 0.023632
638.000000 0.023561
638.500000 0.023489
639.000000 0.023418
639.500000 0.023348
640.000000 0.023277
640.500000 0.023207
641.000000 0.023138
641.500000 0.023069
642.000000 0.023000
642.500000 0.022932
643.000000 0.022864
643.500000 0.022796
644.000000 0.022729
644.500000 0.022662
645.000000 0.022595
645.500000 0.022529
646.000000 0.022464
646.500000 0.022398
647.000000 0.022333
647.500000 0.022269
648.000000 0.022205
648.500000 0.022141
649.000000 0.022078
649.500000 0.022015
650.000000 0.021952
650.500000 0.021890
651.000000 0.021828
651.500000 0.021767
652.000000 0.021706
652.500000 0.021646
653.000000 0.021586
653.500000 0.021526
654.000000 0.021466
654.500000 0.021408
655.000000 0.021349
655.500000 0.021291
656.000000 0.021233
656.500000 0.021176
657.000000 0.021119
657.500000 0.021062
658.000000 0.021006
658.500000 0.020950
659.000000 0.020895
659.500000 0.020839
660.000000 0.020785
660.500000 0.020730
661.000000 0.020676
661.500000 0.020623
662.000000 0.020570
662.500000 0.020517
663.000000 0.020464
663.500000 0.020412
664.000000 0.020360
664.500000 0.020309
665.000000 0.020258
665.500000 0.020207
666.000000 0.020157
666.500000 0.020106
667.000000 0.020057
667.500000 0.020007
668.000000 0.019958
668.500000 0.019910
669.000000 0.019861
669.500000 0.019813
670.000000 0.019765
670.500000 0.019718
671.000000 0.019671
671.500000 0.019624
672.000000 0.019578
672.500000 0.019531
673.000000 0.019485
673.500000 0.019440
674.000000 0.019395
674.500000 0.019350
675.000000 0.019305
675.500000 0.019261
676.000000 0.019216
676.500000 0.019173
677.000000 0.019129
677.500000 0.019086
678.000000 0.019043
678.500000 0.019000
679.000000 0.018958
679.500000 0.018916
680.000000 0.018874
680.500000 0.018832
681.000000 0.018791
681.500000 0.018750
682.000000 0.018709
682.500000 0.018668
683.000000 0.018628
683.500000 0.018588
684.000000 0.018548
684.500000 0.018508
685.000000 0.018469
685.500000 0.018430
686.000000 0.018391
686.500000 0.018353
687.000000 0.018314
687.500000 0.018276
688.000000 0.018238
688.500000 0.018200
689.000000 0.018163
689.500000 0.018126
690.000000 0.018089
690.500000 0.018052
691.000000 0.018015
691.500000 0.017979
692.000000 0.017943
692.500000 0.017907
693.000000 0.017871
693.500000 0.017835
694.000000 0.017800
694.500000 0.017765
695.000000 0.017730
695.500000 0.017695
696.000000 0.017660
696.500000 0.017626
697.000000 0.017592
697.500000 0.017558
698.000000 0.017524
698.500000 0.017491
699.000000 0.017457
699.500000 0.017424
700.000000 0.017391
700.500000 0.017358
701.000000 0.017325
701.500000 0.017293
702.000000 0.017260
702.500000 0.017228
703.000000 0.017196
703.500000 0.017164
704.000000 0.017133
704.500000 0.017101
705.000000 0.017070
705.500000 0.017039
706.000000 0.017008
706.500000 0.016977
707.000000 0.016946
707.500000 0.016916
708.000000 0.016885
708.500000 0.016855
709.000000 0.016825
709.500000 0.016795
710.000000 0.016765
710.500000 0.016736
711.000000 0.016706
711.500000 0.016677
712.000000 0.016648
712.500000 0.016619
713.000000 0.016590
713.500000 0.016561
714.000000 0.016533
714.500000 0.016504
715.000000 0.016476
715.500000 0.016448
716.000000 0.016420
716.500000 0.016392
717.000000 0.016364
717.500000 0.016337
718.000000 0.016309
718.500000 0.016282
719.000000 0.016254
719.500000 0.016227
720.000000 0.016200
720.500000 0.016174
721.000000 0.016147
721.500000 0.016120
722.000000 0.016094
722.500000 0.016067
723.000000 0.016041
723.500000 0.016015
724.000000 0.015989
724.500000 0.015963
725.000000 0.015937
725.500000 0.015912
726.000000 0.015886
726.500000 0.015861
727.000000 0.015836
727.500000 0.015810
728.000000 0.015785
728.500000 0.015761
729.000000 0.015736
729.500000 0.015711
730.000000 0.015686
730.500000 0.015662
731.000000 0.015637
731.500000 0.015613
732.000000 0.015589
732.500000 0.015565
733.000000 0.015541
733.500000 0.015517
734.000000 0.015493
734.500000 0.015470
735.000000 0.015446
735.500000 0.015423
736.000000 0.015399
736.500000 0.015376
737.000000 0.015353
737.500000 0.015330
738.000000 0.015307
738.500000 0.015284
739.000000 0.015261
739.500000 0.015239
740.000000 0.015216
740.500000 0.015193
741.000000 0.015171
741.500000 0.015149
742.000000 0.015127
742.500000 0.015104
743.000000 0.015082
743.500000 0.015060
744.000000 0.015039
744.500000 0.015017
745.000000 0.014995
745.500000 0.014974
746.000000 0.014952
746.500000 0.014931
747.000000 0.014909
747.500000 0.014888
748.000000 0.014867
748.500000 0.014846
749.000000 0.014825
749.500000 0.014804
750.000000 0.014783
750.500000 0.014763
751.000000 0.014742
751.500000 0.014721
752.000000 0.014701
752.500000 0.014680
753.000000 0.014660
753.500000 0.014640
754.000000 0.014620
754.500000 0.014600
755.000000 0.014580
755.500000 0.014560
756.000000 0.014540
756.500000 0.014520
757.000000 0.014500
757.500000 0.014481
758.000000 0.014461
758.500000 0.014442
759.000000 0.014422
759.500000 0.014403
760.000000 0.014384
760.500000 0.014364
761.000000 0.014345
761.500000 0.014326
762.000000 0.014307
762.500000 0.014288
763.000000 0.014269
763.500000 0.014251
764.000000 0.014232
764.500000 0.014213
765.000000 0.014195
765.500000 0.014176
766.000000 0.014158
766.500000 0.014139
767.000000 0.014121
767.500000 0.014103
768.000000 0.014085
768.500000 0.014067
769.000000 0.014049
769.500000 0.014031
770.000000 0.014013
770.500000 0.013995
771.000000 0.013977
771.500000 0.013959
772.000000 0.013942
772.500000 0.013924
773.000000 0.013907
773.500000 0.013889
774.000000 0.013872
774.500000 0.013855
775.000000 0.013837
775.500000 0.013820
776.000000 0.013803
776.500000 0.013786
777.000000 0.013769
777.500000 0.013752
778.000000 0.013735
778.500000 0.013718
779.000000 0.013701
779.500000 0.013684
780.000000 0.013668
780.500000 0.013651
781.000000 0.013635
781.500000 0.013618
782.000000 0.013602
782.500000 0.013585
783.000000 0.013569
783.500000 0.013553
784.000000 0.013536
784.500000 0.013520
785.000000 0.013504
785.500000 0.013488
786.000000 0.013472
786.500000 0.013456
787.000000 0.013440
787.500000 0.013424
788.000000 0.013408
788.500000 0.013393
789.000000 0.013377
789.500000 0.013361
790.000000 0.013346
790.500000 0.013330
791.000000 0.013315
791.500000 0.013299
792.000000 0.013284
792.500000 0.013269
793.000000 0.013253
793.500000 0.013238
794.000000 0.013223
794.500000 0.013208
795.000000 0.013193
795.500000 0.013178
796.000000 0.013163
796.500000 0.013148
797.000000 0.013133
797.500000 0.013118
798.000000 0.013103
798.500000 0.013088
799.000000 0.013074
799.500000 0.013059
800.000000 0.013044
800.500000 0.013030
801.000000 0.013015
801.500000 0.013001
802.000000 0.012986
802.500000 0.012972
803.000000 0.012958
803.500000 0.012943
804.000000 0.012929
804.500000 0.012915
805.000000 0.012901
805.500000 0.012887
806.000000 0.012872
806.500000 0.012858
807.000000 0.012844
807.500000 0.012830
808.000000 0.012817
808.500000 0.012803
809.000000 0.012789
809.500000 0.012775
810.000000 0.012761
810.500000 0.012748
811.000000 0.012734
811.500000 0.012721
812.000000 0.012707
812.500000 0.012693
813.000000 0.012680
813.500000 0.012667
814.000000 0.012653
814.500000 0.012640
815.000000 0.012626
815.500000 0.012613
816.000000 0.012600
816.500000 0.012587
817.000000 0.012574
817.500000 0.012560
818.000000 0.012547
818.500000 0.012534
819.000000 0.012521
819.500000 0.012508
820.000000 0.012495
820.500000 0.012483
821.000000 0.012470
821.500000 0.012457
822.000000 0.012444
822.500000 0.012431
823.000000 0.012419
823.500000 0.012406
824.000000 0.012393
824.500000 0.012381
825.000000 0.012368
825.500000 0.012356
826.000000 0.012343
826.500000 0.012331
827.000000 0.012319
827.500000 0.012306
828.000000 0.012294
828.500000 0.012282
829.000000 0.012269
829.500000 0.012257
830.000000 0.012245
830.500000 0.012233
831.000000 0.012221
831.500000 0.012209
832.000000 0.012196
832.500000 0.012184
833.000000 0.012172
833.500000 0.012161
834.000000 0.012149
834.500000 0.012137
835.000000 0.012125
835.500000 0.012113
836.000000 0.012101
836.500000 0.012090
837.000000 0.012078
837.500000 0.012066
838.000000 0.012055
838.500000 0.012043
839.000000 0.012031
839.500000 0.012020
840.000000 0.012008
840.500000 0.011997
841.000000 0.011985
841.500000 0.011974
842.000000 0.011963
842.500000 0.011951
843.000000 0.011940
843.500000 0.011929
844.000000 0.011917
844.500000 0.011906
845.000000 0.011895
845.500000 0.011884
846.000000 0.011873
846.500000 0.011861
847.000000 0.011850
847.500000 0.011839
848.000000 0.011828
848.500000 0.011817
849.000000 0.011806
849.500000 0.011795
850.000000 0.011785
850.500000 0.011774
851.000000 0.011763
851.500000 0.011752
852.000000 0.011741
852.500000 0.011730
853.000000 0.011720
853.500000 0.011709
854.000000 0.011698
854.500000 0.011688
855.000000 0.011677
855.500000 0.011667
856.000000 0.011656
856.500000 0.011646
857.000000 0.011635
857.500000 0.011625
858.000000 0.011614
858.500000 0.011604
859.000000 0.011593
859.500000 0.011583
860.000000 0.011573
860.500000 0.011562
861.000000 0.011552
861.500000 0.011542
862.000000 0.011532
862.500000 0.011521
863.000000 0.011511
863.500000 0.011501
864.000000 0.011491
864.500000 0.011481
865.000000 0.011471
865.500000 0.011461
866.000000 0.011451
866.500000 0.011441
867.000000 0.011431
867.500000 0.011421
868.000000 0.011411
868.500000 0.011401
869.000000 0.011391
869.500000 0.011381
870.000000 0.011372
870.500000 0.011362
871.000000 0.011352
871.500000 0.011342
872.000000 0.011333
872.500000 0.011323
873.000000 0.011313
873.500000 0.011304
874.000000 0.011294
874.500000 0.011284
875.000000 0.011275
875.500000 0.011265
876.000000 0.011256
876.500000 0.011246
877.000000 0.011237
877.500000 0.011227
878.000000 0.011218
878.500000 0.011209
879.000000 0.011199
879.500000 0.011190
880.000000 0.011181
880.500000 0.011171
881.000000 0.011162
881.500000 0.011153
882.000000 0.011144
882.500000 0.011134
883.000000 0.011125
883.500000 0.011116
884.000000 0.011107
884.500000 0.011098
885.000000 0.011089
885.500000 0.011080
886.000000 0.011071
886.500000 0.011062
887.000000 0.011053
887.500000 0.011044
888.000000 0.011035
888.500000 0.011026
889.000000 0.011017
889.500000 0.011008
890.000000 0.010999
890.500000 0.010990
891.000000 0.010981
891.500000 0.010972
892.000000 0.010964
892.500000 0.010955
893.000000 0.010946
893.500000 0.010937
894.000000 0.010929
894.500000 0.010920
895.000000 0.010911
895.500000 0.010903
896.000000 0.010894
896.500000 0.010886
897.000000 0.010877
897.500000 0.010868
898.000000 0.010860
898.500000 0.010851
899.000000 0.010843
899.500000 0.010834
900.000000 0.010826
900.500000 0.010818
901.000000 0.010809
901.500000 0.010801
902.000000 0.010792
902.500000 0.010784
903.000000 0.010776
903.500000 0.010767
904.000000 0.010759
904.500000 0.010751
905.000000 0.010742
905.500000 0.010734
906.000000 0.010726
906.500000 0.010718
907.000000 0.010710
907.500000 0.010702
908.000000 0.010693
908.500000 0.010685
909.000000 0.010677
909.500000 0.010669
910.000000 0.010661
910.500000 0.010653
911.000000 0.010645
911.500000 0.010637
912.000000 0.010629
912.500000 0.010621
913.000000 0.010613
913.500000 0.010605
914.000000 0.010597
914.500000 0.010589
915.000000 0.010581
915.500000 0.010573
916.000000 0.010566
916.500000 0.010558
917.000000 0.010550
917.500000 0.010542
918.000000 0.010534
918.500000 0.010527
919.000000 0.010519
919.500000 0.010511
920.000000 0.010504
920.500000 0.010496
921.000000 0.010488
921.500000 0.010481
922.000000 0.010473
922.500000 0.010465
923.000000 0.010458
923.500000 0.010450
924.000000 0.010443
924.500000 0.010435
925.000000 0.010427
925.500000 0.010420
926.000000 0.010412
926.500000 0.010405
927.000000 0.010397
927.500000 0.010390
928.000000 0.010383
928.500000 0.010375
929.000000 0.010368
929.500000 0.010360
930.000000 0.010353
930.500000 0.010346
931.000000 0.010338
931.500000 0.010331
932.000000 0.010324
932.500000 0.010316
933.000000 0.010309
933.500000 0.010302
934.000000 0.010295
934.500000 0.010287
935.000000 0.010280
935.500000 0.010273
936.000000 0.010266
936.500000 0.010259
937.000000 0.010252
937.500000 0.010244
938.000000 0.010237
938.500000 0.010230
939.000000 0.010223
939.500000 0.010216
940.000000 0.010209
940.500000 0.010202
941.000000 0.010195
941.500000 0.010188
942.000000 0.010181
942.500000 0.010174
943.000000 0.010167
943.500000 0.010160
944.000000 0.010153
944.500000 0.010146
945.000000 0.010139
945.500000 0.010133
946.000000 0.010126
946.500000 0.010119
947.000000 0.010112
947.500000 0.010105
948.000000 0.010098
948.500000 0.010092
949.000000 0.010085
949.500000 0.010078
950.000000 0.010071
950.500000 0.010065
951.000000 0.010058
951.500000 0.010051
952.000000 0.010044
952.500000 0.010038
953.000000 0.010031
953.500000 0.010024
954.000000 0.010018
954.500000 0.010011
955.000000 0.010005
955.500000 0.009998
956.000000 0.009991
956.500000 0.009985
957.000000 0.009978
957.500000 0.009972
958.000000 0.009965
958.500000 0.009959
959.000000 0.009952
959.500000 0.009946
960.000000 0.009939
960.500000 0.009933
961.000000 0.009926
961.500000 0.009920
962.000000 0.009913
962.500000 0.009907
963.000000 0.009901
963.500000 0.009894
964.000000 0.009888
964.500000 0.009882
965.000000 0.009875
965.500000 0.009869
966.000000 0.009863
966.500000 0.009856
967.000000 0.009850
967.500000 0.009844
968.000000 0.009837
968.500000 0.009831
969.000000 0.009825
969.500000 0.009819
970.000000 0.009812
970.500000 0.009806
971.000000 0.009800
971.500000 0.009794
972.000000 0.009788
972.500000 0.009782
973.000000 0.009775
973.500000 0.009769
974.000000 0.009763
974.500000 0.009757
975.000000 0.009751
975.500000 0.009745
976.000000 0.009739
976.500000 0.009733
977.000000 0.009727
977.500000 0.009721
978.000000 0.009715
978.500000 0.009709
979.000000 0.009703
979.500000 0.009697
980.000000 0.009691
980.500000 0.009685
981.000000 0.009679
981.500000 0.009673
982.000000 0.009667
982.500000 0.009661
983.000000 0.009655
983.500000 0.009649
984.000000 0.009644
984.500000 0.009638
985.000000 0.009632
985.500000 0.009626
986.000000 0.009620
986.500000 0.009614
987.000000 0.009609
987.500000 0.009603
988.000000 0.009597
988.500000 0.009591
989.000000 0.009585
989.500000 0.009580
990.000000 0.009574
990.500000 0.009568
991.000000 0.009563
991.500000 0.009557
992.000000 0.009551
992.500000 0.009545
993.000000 0.009540
993.500000 0.009534
994.000000 0.009529
994.500000 0.009523
995.000000 0.009517
995.500000 0.009512
996.000000 0.009506
996.500000 0.009500
997.000000 0.009495
997.500000 0.009489
998.000000 0.009484
998.500000 0.009478
999.000000 0.009473
999.500000 0.009467
1000.000000 0.009462
