&FCI NORB=60, NELEC=76, MS2=0,
 ORBSYM=1,1,1,1,1,1,1,1,1,1,1,1,1,1,1,1,1,1,1,1,1,1,1,1,1,1,1,1,1,1,1,1,1,1,1,1,1,1,1,1,1,1,1,1,1,1,1,1,1,1,1,1,1,1,1,1,1,1,1,1,
 ISYM=1,
&END
 8.4208384499999998e+00    1    1    1    1
 3.8341202807160100e+00    2    2    1    1
 8.4208384499999998e+00    2    2    2    2
 2.7428544710025804e+00    3    3    1    1
 3.8532621881248850e+00    3    3    2    2
 8.4208384499999998e+00    3    3    3    3
 3.8341489378397728e+00    4    4    1    1
 2.7602628555705961e+00    4    4    2    2
 2.5034374519273808e+00    4    4    3    3
 8.4208384499999998e+00    4    4    4    4
 1.5965874340336184e+00    5    5    1    1
 1.5187561766653297e+00    5    5    2    2
 1.2603063079469119e+00    5    5    3    3
 1.3412860693895867e+00    5    5    4    4
 8.4208384499999998e+00    5    5    5    5
 1.5187557227929402e+00    6    6    1    1
 1.4901526201296054e+00    6    6    2    2
 1.2606881283130773e+00    6    6    3    3
 1.2890349555535734e+00    6    6    4    4
 3.8341202265286207e+00    6    6    5    5
 8.4208384499999998e+00    6    6    6    6
 1.2603061374094702e+00    7    7    1    1
 1.2606883942917508e+00    7    7    2    2
 1.1000796615296917e+00    7    7    3    3
 1.0957101962495592e+00    7    7    4    4
 2.7428544213287651e+00    7    7    5    5
 3.8532621586960891e+00    7    7    6    6
 8.4208384499999998e+00    7    7    7    7
 1.1214167184133106e+00    8    8    1    1
 1.1179529776334192e+00    8    8    2    2
 9.8354738393311292e-01    8    8    3    3
 9.8473727765251118e-01    8    8    4    4
 2.4405639962102890e+00    8    8    5    5
 2.7152313769157601e+00    8    8    6    6
 3.8127928282002208e+00    8    8    7    7
 8.4208384499999998e+00    8    8    8    8
 9.6821641641646761e-01    9    9    1    1
 9.7389967303841352e-01    9    9    2    2
 8.7466678005549936e-01    9    9    3    3
 8.6402259164001305e-01    9    9    4    4
 1.7919412599528086e+00    9    9    5    5
 1.9815953136234676e+00    9    9    6    6
 2.6691211804752126e+00    9    9    7    7
 3.7443419993113314e+00    9    9    8    8
 8.4208384499999998e+00    9    9    9    9
 1.1565890011544149e+00   10   10    1    1
 1.1351941191810151e+00   10   10    2    2
 9.8753529689756736e-01   10   10    3    3
 1.0114971481734194e+00   10   10    4    4
 2.7429974604639504e+00   10   10    5    5
 2.5035503656776239e+00   10   10    6    6
 2.7707804589328071e+00   10   10    7    7
 3.8129220532185362e+00   10   10    8    8
 2.6700744342596967e+00   10   10    9    9
 8.4208384499999998e+00   10   10   10   10
 1.3412864675898217e+00   11   11    1    1
 1.2890357804714909e+00   11   11    2    2
 1.0957107559193051e+00   11   11    3    3
 1.1543537565558715e+00   11   11    4    4
 3.8341489381731235e+00   11   11    5    5
 2.7602628361252259e+00   11   11    6    6
 2.5034374105800268e+00   11   11    7    7
 2.7152543032098260e+00   11   11    8    8
 1.9819630275812621e+00   11   11    9    9
 3.8534587215288503e+00   11   11   10   10
 8.4208384499999998e+00   11   11   11   11
 9.0152956465181300e-01   12   12    1    1
 9.0340305242189367e-01   12   12    2    2
 8.2115771813739857e-01   12   12    3    3
 8.1610837544311965e-01   12   12    4    4
 1.5412789136220331e+00   12   12    5    5
 1.7509443609792688e+00   12   12    6    6
 2.2980398556014578e+00   12   12    7    7
 2.6605704938046508e+00   12   12    8    8
 3.7433716195045945e+00   12   12    9    9
 2.0171993742621606e+00   12   12   10   10
 1.6242947456707930e+00   12   12   11   11
 8.4208384499999998e+00   12   12   12   12
 8.3358773263537300e-01   13   13    1    1
 8.4494837952795654e-01   13   13    2    2
 7.7886159789623832e-01   13   13    3    3
 7.5973269642860208e-01   13   13    4    4
 1.3039085947558799e+00   13   13    5    5
 1.4849490440409898e+00   13   13    6    6
 1.8719987323557219e+00   13   13    7    7
 2.0184064049096180e+00   13   13    8    8
 2.6700756174852418e+00   13   13    9    9
 1.6036842888940130e+00   13   13   10   10
 1.3448823278888291e+00   13   13   11   11
 3.8121463878842801e+00   13   13   12   12
 8.4208384499999998e+00   13   13   13   13
 7.7583498214509161e-01   14   14    1    1
 7.8337523904447914e-01   14   14    2    2
 7.2898103144323889e-01   14   14    3    3
 7.1552516946739730e-01   14   14    4    4
 1.1472878808440223e+00   14   14    5    5
 1.2995790898860873e+00   14   14    6    6
 1.5707204809744879e+00   14   14    7    7
 1.6249220761214147e+00   14   14    8    8
 1.9806629006859966e+00   14   14    9    9
 1.3442249603057757e+00   14   14   10   10
 1.1652147268145863e+00   14   14   11   11
 2.7125780537530453e+00   14   14   12   12
 3.8499923818372350e+00   14   14   13   13
 8.4208384499999998e+00   14   14   14   14
 7.7160558308489580e-01   15   15    1    1
 7.6961703008105764e-01   15   15    2    2
 7.1520057610305099e-01   15   15    3    3
 7.1669925731079376e-01   15   15    4    4
 1.1395732821426863e+00   15   15    5    5
 1.2825498416750349e+00   15   15    6    6
 1.5177214599694213e+00   15   15    7    7
 1.5513952675994882e+00   15   15    8    8
 1.8032084184131487e+00   15   15    9    9
 1.3097343617292958e+00   15   15   10   10
 1.1518617853585202e+00   15   15   11   11
 2.4619479939099143e+00   15   15   12   12
 2.7627727406765259e+00   15   15   13   13
 3.8466107953379001e+00   15   15   14   14
 8.4208384499999998e+00   15   15   15   15
 8.2169763787162953e-01   16   16    1    1
 8.1007735028464833e-01   16   16    2    2
 7.4525440009964283e-01   16   16    3    3
 7.6135368836657702e-01   16   16    4    4
 1.2768120771436768e+00   16   16    5    5
 1.4292178899207857e+00   16   16    6    6
 1.6946941405407367e+00   16   16    7    7
 1.7530278043970926e+00   16   16    8    8
 1.9809036405937248e+00   16   16    9    9
 1.4850796007709413e+00   16   16   10   10
 1.2994883017392784e+00   16   16   11   11
 2.7124098199522977e+00   16   16   12   12
 2.4955996321975578e+00   16   16   13   13
 2.7448359889343923e+00   16   16   14   14
 3.8465714367109221e+00   16   16   15   15
 8.4208384499999998e+00   16   16   16   16
 8.9084271176910212e-01   17   17    1    1
 8.7840006370877988e-01   17   17    2    2
 7.9850182916841950e-01   17   17    3    3
 8.1476491453513189e-01   17   17    4    4
 1.5077487554168361e+00   17   17    5    5
 1.6922921283393499e+00   17   17    6    6
 2.1032984717260290e+00   17   17    7    7
 2.3005609359528565e+00   17   17    8    8
 2.6707266998282515e+00   17   17    9    9
 1.8719927686785012e+00   17   17   10   10
 1.5697448510914587e+00   17   17   11   11
 3.8117401115565430e+00   17   17   12   12
 2.7661301422209723e+00   17   17   13   13
 2.4957376830674658e+00   17   17   14   14
 2.7628987657264159e+00   17   17   15   15
 3.8501282512635391e+00   17   17   16   16
 8.4208384499999998e+00   17   17   17   17
 8.9631684016240110e-01   18   18    1    1
 9.0982865953703318e-01   18   18    2    2
 8.2344575698270339e-01   18   18    3    3
 8.0179457437157009e-01   18   18    4    4
 1.5450768931687451e+00   18   18    5    5
 1.6270650411444909e+00   18   18    6    6
 2.0187706074628675e+00   18   18    7    7
 2.6630678929076872e+00   18   18    8    8
 3.7416533048002707e+00   18   18    9    9
 2.3032427358240790e+00   18   18   10   10
 1.7556557172058276e+00   18   18   11   11
 2.6594317288404388e+00   18   18   12   12
 2.2988654726218010e+00   18   18   13   13
 1.7511301017206304e+00   18   18   14   14
 1.5496853332049905e+00   18   18   15   15
 1.6235411208558712e+00   18   18   16   16
 2.0174975192453299e+00   18   18   17   17
 8.4208384499999998e+00   18   18   18   18
 9.1939850516928423e-01   19   19    1    1
 9.4811606559801576e-01   19   19    2    2
 8.5917382539358211e-01   19   19    3    3
 8.1621333072425328e-01   19   19    4    4
 1.5154443022487321e+00   19   19    5    5
 1.5758932555542879e+00   19   19    6    6
 1.8758924261248666e+00   19   19    7    7
 2.3036768257022673e+00   19   19    8    8
 2.6705797547437404e+00   19   19    9    9
 2.1092442815309358e+00   19   19   10   10
 1.7002765318715767e+00   19   19   11   11
 2.0184273791807996e+00   19   19   12   12
 1.8733826275265311e+00   19   19   13   13
 1.4856029926279775e+00   19   19   14   14
 1.3099087183193991e+00   19   19   15   15
 1.3443578718236024e+00   19   19   16   16
 1.6040679993420335e+00   19   19   17   17
 3.8125146030066714e+00   19   19   18   18
 8.4208384499999998e+00   19   19   19   19
 8.3997722744869807e-01   20   20    1    1
 8.6891372226358221e-01   20   20    2    2
 7.9576822131159319e-01   20   20    3    3
 7.5162491590484160e-01   20   20    4    4
 1.2837235208120550e+00   20   20    5    5
 1.3045088202256987e+00   20   20    6    6
 1.4878343845259856e+00   20   20    7    7
 1.7552863920915043e+00   20   20    8    8
 1.9807714556292506e+00   20   20    9    9
 1.6999186397059303e+00   20   20   10   10
 1.4366391546502737e+00   20   20   11   11
 1.6237853062218910e+00   20   20   12   12
 1.5693765564337636e+00   20   20   13   13
 1.2986151762578697e+00   20   20   14   14
 1.1508394104469837e+00   20   20   15   15
 1.1642651359290190e+00   20   20   16   16
 1.3441217484615307e+00   20   20   17   17
 2.7129347876088756e+00   20   20   18   18
 3.8500123800830264e+00   20   20   19   19
 8.4208384499999998e+00   20   20   20   20
 7.6231538111524111e-01   21   21    1    1
 7.8116333979176600e-01   21   21    2    2
 7.1946771717781777e-01   21   21    3    3
 6.8952801071225533e-01   21   21    4    4
 1.1444569038788370e+00   21   21    5    5
 1.1551462965065555e+00   21   21    6    6
 1.3114394483549145e+00   21   21    7    7
 1.5532700979069172e+00   21   21    8    8
 1.8030653489607971e+00   21   21    9    9
 1.5224266779323485e+00   21   21   10   10
 1.2883599305972251e+00   21   21   11   11
 1.5494049069083924e+00   21   21   12   12
 1.5144100808110057e+00   21   21   13   13
 1.2801858885305011e+00   21   21   14   14
 1.1420716651572267e+00   21   21   15   15
 1.1505306993512014e+00   21   21   16   16
 1.3093206540494584e+00   21   21   17   17
 2.4624136019996010e+00   21   21   18   18
 2.7628424128379621e+00   21   21   19   19
 3.8465489892063114e+00   21   21   20   20
 8.4208384499999998e+00   21   21   21   21
 7.4668323028365668e-01   22   22    1    1
 7.5728878999159477e-01   22   22    2    2
 6.9636017804236616e-01   22   22    3    3
 6.7866620120607135e-01   22   22    4    4
 1.1505725722540689e+00   22   22    5    5
 1.1672564076216729e+00   22   22    6    6
 1.3452190073110932e+00   22   22    7    7
 1.6266231918309761e+00   22   22    8    8
 1.9804239340399648e+00   22   22    9    9
 1.5751531547302617e+00   22   22   10   10
 1.3040314907010087e+00   22   22   11   11
 1.7503204945988426e+00   22   22   12   12
 1.6903641360448474e+00   22   22   13   13
 1.4262928381793392e+00   22   22   14   14
 1.2799636447799572e+00   22   22   15   15
 1.2979656939132247e+00   22   22   16   16
 1.4845055528716042e+00   22   22   17   17
 2.7129404274823763e+00   22   22   18   18
 2.4955987904903196e+00   22   22   19   19
 2.7446881354300041e+00   22   22   20   20
 3.8464071857044742e+00   22   22   21   21
 8.4208384499999998e+00   22   22   22   22
 8.0122279287495091e-01   23   23    1    1
 8.0846475704986742e-01   23   23    2    2
 7.3820584997743488e-01   23   23    3    3
 7.2551897446201030e-01   23   23    4    4
 1.3064348779035744e+00   23   23    5    5
 1.3463685104130889e+00   23   23    6    6
 1.6043858428724194e+00   23   23    7    7
 2.0204959931420237e+00   23   23    8    8
 2.6698105051549406e+00   23   23    9    9
 1.8769184883032219e+00   23   23   10   10
 1.4888100840383971e+00   23   23   11   11
 2.2974505717204572e+00   23   23   12   12
 2.0998300206061891e+00   23   23   13   13
 1.6903395932265333e+00   23   23   14   14
 1.5140988785600586e+00   23   23   15   15
 1.5684850920111508e+00   23   23   16   16
 1.8716864475936268e+00   23   23   17   17
 3.8130462884844318e+00   23   23   18   18
 2.7664014023559838e+00   23   23   19   19
 2.4957928591690037e+00   23   23   20   20
 2.7629230669098561e+00   23   23   21   21
 3.8499484490653533e+00   23   23   22   22
 8.4208384499999998e+00   23   23   23   23
 1.5412791979587050e+00   24   24    1    1
 1.7509448585721608e+00   24   24    2    2
 2.2980405855332040e+00   24   24    3    3
 1.6242948582528076e+00   24   24    4    4
 9.0152982632886569e-01   24   24    5    5
 9.0340298046318113e-01   24   24    6    6
 8.2115778321531041e-01   24   24    7    7
 7.5367302661958335e-01   24   24    8    8
 6.9054457379658729e-01   24   24    9    9
 7.5480652788930136e-01   24   24   10   10
 8.1610892717802941e-01   24   24   11   11
 6.5766786748797190e-01   24   24   12   12
 6.3464671421125762e-01   24   24   13   13
 6.0279532928990875e-01   24   24   14   14
 5.9160163975561242e-01   24   24   15   15
 6.0870094627941451e-01   24   24   16   16
 6.4136218446119608e-01   24   24   17   17
 6.6111039474230848e-01   24   24   18   18
 6.8945062073595254e-01   24   24   19   19
 6.5256718963678806e-01   24   24   20   20
 5.9883907641235923e-01   24   24   21   21
 5.7879610060898368e-01   24   24   22   22
 6.0464027103164020e-01   24   24   23   23
 8.4208384499999998e+00   24   24   24   24
 1.5077494467021637e+00   25   25    1    1
 1.6922932928459811e+00   25   25    2    2
 2.1032999063908040e+00   25   25    3    3
 1.5697451250879271e+00   25   25    4    4
 8.9084347324155777e-01   25   25    5    5
 8.7840049892798189e-01   25   25    6    6
 7.9850237087305675e-01   25   25    7    7
 7.4094929896740913e-01   25   25    8    8
 6.7830179746217412e-01   25   25    9    9
 7.5042847592605710e-01   25   25   10   10
 8.1476595915438688e-01   25   25   11   11
 6.4136256955149740e-01   25   25   12   12
 6.1670933310372056e-01   25   25   13   13
 5.8334344998940868e-01   25   25   14   14
 5.7185432195141517e-01   25   25   15   15
 5.8984040113883096e-01   25   25   16   16
 6.2422461268037244e-01   25   25   17   17
 6.5417653151776556e-01   25   25   18   18
 6.8531969064460052e-01   25   25   19   19
 6.5271710883323197e-01   25   25   20   20
 5.9934522729354522e-01   25   25   21   21
 5.7710805643962015e-01   25   25   22   22
 5.9989491499655556e-01   25   25   23   23
 3.8117400657259521e+00   25   25   24   24
 8.4208384499999998e+00   25   25   25   25
 1.2768128160870253e+00   26   26    1    1
 1.4292191151828590e+00   26   26    2    2
 1.6946954786337565e+00   26   26    3    3
 1.2994886059955018e+00   26   26    4    4
 8.2169863037165536e-01   26   26    5    5
 8.1007806697820728e-01   26   26    6    6
 7.4525522363233232e-01   26   26    7    7
 6.9812184666782973e-01   26   26    8    8
 6.4437214964206024e-01   26   26    9    9
 7.0722699422371560e-01   26   26   10   10
 7.6135495819597265e-01   26   26   11   11
 6.0870160215906521e-01   26   26   12   12
 5.8814565020487719e-01   26   26   13   13
 5.5632579988105557e-01   26   26   14   14
 5.4321343530160338e-01   26   26   15   15
 5.5785919310572862e-01   26   26   16   16
 5.8984068030784498e-01   26   26   17   17
 6.2708356693973544e-01   26   26   18   18
 6.6044541028749570e-01   26   26   19   19
 6.3461399505180371e-01   26   26   20   20
 5.8371665095673031e-01   26   26   21   21
 5.5942461407840849e-01   26   26   22   22
 5.7752603390804924e-01   26   26   23   23
 2.7124098238385677e+00   26   26   24   24
 3.8501282777778449e+00   26   26   25   25
 8.4208384499999998e+00   26   26   26   26
 1.1395738543819307e+00   27   27    1    1
 1.2825508005031909e+00   27   27    2    2
 1.5177225278006656e+00   27   27    3    3
 1.1518620347324027e+00   27   27    4    4
 7.7160640452549023e-01   27   27    5    5
 7.6961763183667375e-01   27   27    6    6
 7.1520129943142019e-01   27   27    7    7
 6.6974959763708941e-01   27   27    8    8
 6.2313172678688689e-01   27   27    9    9
 6.7257090498579231e-01   27   27   10   10
 7.1670033187080251e-01   27   27   11   11
 5.9160224268230210e-01   27   27   12   12
 5.7593636926010905e-01   27   27   13   13
 5.4664717604067836e-01   27   27   14   14
 5.3221773795664251e-01   27   27   15   15
 5.4321340654139694e-01   27   27   16   16
 5.7185455991252498e-01   27   27   17   17
 6.0765101611311634e-01   27   27   18   18
 6.4062976825489459e-01   27   27   19   19
 6.1717269010865916e-01   27   27   20   20
 5.6822355486685971e-01   27   27   21   21
 5.4402861762138166e-01   27   27   22   22
 5.6052103400200004e-01   27   27   23   23
 2.4619480187775529e+00   27   27   24   24
 2.7628987943274668e+00   27   27   25   25
 3.8465714794321264e+00   27   27   26   26
 8.4208384499999998e+00   27   27   27   27
 1.1472882533070132e+00   28   28    1    1
 1.2995797265199380e+00   28   28    2    2
 1.5707212539748356e+00   28   28    3    3
 1.1652148972645537e+00   28   28    4    4
 7.7583546775800716e-01   28   28    5    5
 7.8337550270671275e-01   28   28    6    6
 7.2898141762199242e-01   28   28    7    7
 6.7721831120425313e-01   28   28    8    8
 6.3102991415171239e-01   28   28    9    9
 6.7390970704919650e-01   28   28   10   10
 7.1552589345465301e-01   28   28   11   11
 6.0279563935304981e-01   28   28   12   12
 5.8909369041724136e-01   28   28   13   13
 5.6124711689315065e-01   28   28   14   14
 5.4664690073036393e-01   28   28   15   15
 5.5632549520817742e-01   28   28   16   16
 5.8334340534445028e-01   28   28   17   17
 6.1193978098005952e-01   28   28   18   18
 6.4284693175302166e-01   28   28   19   19
 6.1617654793012511e-01   28   28   20   20
 5.6702104357742500e-01   28   28   21   21
 5.4458270893582483e-01   28   28   22   22
 5.6332794410084019e-01   28   28   23   23
 2.7125780658891578e+00   28   28   24   24
 2.4957376761090151e+00   28   28   25   25
 2.7448359867183050e+00   28   28   26   26
 3.8466107880553966e+00   28   28   27   27
 8.4208384499999998e+00   28   28   28   28
 1.3039087919571595e+00   29   29    1    1
 1.4849493878219353e+00   29   29    2    2
 1.8719992102844532e+00   29   29    3    3
 1.3448824196765534e+00   29   29    4    4
 8.3358792118643388e-01   29   29    5    5
 8.4494828315669568e-01   29   29    6    6
 7.7886163106688833e-01   29   29    7    7
 7.1640722634557918e-01   29   29    8    8
 6.6304568389168561e-01   29   29    9    9
 7.1135369329401754e-01   29   29   10   10
 7.5973314751987364e-01   29   29   11   11
 6.3464670669339329e-01   29   29   12   12
 6.1792349763226562e-01   29   29   13   13
 5.8909337597118605e-01   29   29   14   14
 5.7593577155250719e-01   29   29   15   15
 5.8814501509567274e-01   29   29   16   16
 6.1670896258217267e-01   29   29   17   17
 6.3731314034941045e-01   29   29   18   18
 6.6603343379148927e-01   29   29   19   19
 6.3302968876195331e-01   29   29   20   20
 5.8160184464698617e-01   29   29   21   21
 5.6111209852036370e-01   29   29   22   22
 5.8427979842816469e-01   29   29   23   23
 3.8121463568988561e+00   29   29   24   24
 2.7661300859276148e+00   29   29   25   25
 2.4955995999542058e+00   29   29   26   26
 2.7627727243478271e+00   29   29   27   27
 3.8499923665925313e+00   29   29   28   28
 8.4208384499999998e+00   29   29   29   29
 1.5450767546872011e+00   30   30    1    1
 1.6270647780049947e+00   30   30    2    2
 2.0187702976887545e+00   30   30    3    3
 1.7556557809867592e+00   30   30    4    4
 8.9631630745671020e-01   30   30    5    5
 9.0982768070542441e-01   30   30    6    6
 8.2344492270384451e-01   30   30    7    7
 7.4697285404910507e-01   30   30    8    8
 6.8388223053175701e-01   30   30    9    9
 7.4183434485342137e-01   30   30   10   10
 8.0179436555553862e-01   30   30   11   11
 6.6110961960042969e-01   30   30   12   12
 6.3731240140437995e-01   30   30   13   13
 6.1193873719491443e-01   30   30   14   14
 6.0764964532709376e-01   30   30   15   15
 6.2708210972934897e-01   30   30   16   16
 6.5417535339542876e-01   30   30   17   17
 6.4501488507475002e-01   30   30   18   18
 6.6142616371133622e-01   30   30   19   19
 6.2009547542020915e-01   30   30   20   20
 5.7290067064643613e-01   30   30   21   21
 5.6072239413958225e-01   30   30   22   22
 5.9117608344059613e-01   30   30   23   23
 2.6594315769458463e+00   30   30   24   24
 2.0174974392281908e+00   30   30   25   25
 1.6235409188074783e+00   30   30   26   26
 1.5496850271624938e+00   30   30   27   27
 1.7511296841114308e+00   30   30   28   28
 2.2988649968381556e+00   30   30   29   29
 8.4208384499999998e+00   30   30   30   30
 1.3064350416353709e+00   31   31    1    1
 1.3463685570699493e+00   31   31    2    2
 1.6043858626253216e+00   31   31    3    3
 1.4888104650046390e+00   31   31    4    4
 8.0122246801999097e-01   31   31    5    5
 8.0846403700146763e-01   31   31    6    6
 7.3820520622347918e-01   31   31    7    7
 6.7654336581623775e-01   31   31    8    8
 6.2368312031955864e-01   31   31    9    9
 6.7420070680550170e-01   31   31   10   10
 7.2551890869948821e-01   31   31   11   11
 6.0463961178651360e-01   31   31   12   12
 5.8427915268149366e-01   31   31   13   13
 5.6332700805897240e-01   31   31   14   14
 5.6051979861868395e-01   31   31   15   15
 5.7752473639226420e-01   31   31   16   16
 5.9989389274535332e-01   31   31   17   17
 5.9117612713563128e-01   31   31   18   18
 6.0518677143302979e-01   31   31   19   19
 5.7089963853976511e-01   31   31   20   20
 5.3057874711476050e-01   31   31   21   21
 5.1982105120644928e-01   31   31   22   22
 5.4573285569978203e-01   31   31   23   23
 2.2974500667874675e+00   31   31   24   24
 1.8716861737910524e+00   31   31   25   25
 1.5684845015353337e+00   31   31   26   26
 1.5140979708670568e+00   31   31   27   27
 1.6903383815729054e+00   31   31   28   28
 2.0998287351794716e+00   31   31   29   29
 3.8130463637645389e+00   31   31   30   30
 8.4208384499999998e+00   31   31   31   31
 1.1505726804346703e+00   32   32    1    1
 1.1672563771561384e+00   32   32    2    2
 1.3452189540869410e+00   32   32    3    3
 1.3040318513588387e+00   32   32    4    4
 7.4668276823821855e-01   32   32    5    5
 7.5728793832206764e-01   32   32    6    6
 6.9635936515412467e-01   32   32    7    7
 6.3913693277276096e-01   32   32    8    8
 5.9253268583658658e-01   32   32    9    9
 6.3443507870311677e-01   32   32   10   10
 6.7866596743264063e-01   32   32   11   11
 5.7879525490115513e-01   32   32   12   12
 5.6111125951892127e-01   32   32   13   13
 5.4458157879292701e-01   32   32   14   14
 5.4402718479759915e-01   32   32   15   15
 5.5942312772378544e-01   32   32   16   16
 5.7710685700938957e-01   32   32   17   17
 5.6072222823643025e-01   32   32   18   18
 5.7084157825158910e-01   32   32   19   19
 5.3869910057327774e-01   32   32   20   20
 5.0304043945965971e-01   32   32   21   21
 4.9487276507262645e-01   32   32   22   22
 5.1982085894416130e-01   32   32   23   23
 1.7503201813722729e+00   32   32   24   24
 1.4845053624666422e+00   32   32   25   25
 1.2979652255852805e+00   32   32   26   26
 1.2799628695671788e+00   32   32   27   27
 1.4262918064481938e+00   32   32   28   28
 1.6903631946932405e+00   32   32   29   29
 2.7129404617363462e+00   32   32   30   30
 3.8499484554328518e+00   32   32   31   31
 8.4208384499999998e+00   32   32   32   32
 1.1444568488447053e+00   33   33    1    1
 1.1551460888715188e+00   33   33    2    2
 1.3114392491667968e+00   33   33    3    3
 1.2883601758563934e+00   33   33    4    4
 7.6231462038257802e-01   33   33    5    5
 7.8116213738099483e-01   33   33    6    6
 7.1946654539011567e-01   33   33    7    7
 6.5621912054069309e-01   33   33    8    8
 6.0901820238223969e-01   33   33    9    9
 6.4674871590265703e-01   33   33   10   10
 6.8952749120326395e-01   33   33   11   11
 5.9883789368067086e-01   33   33   12   12
 5.8160067374496205e-01   33   33   13   13
 5.6701955614124611e-01   33   33   14   14
 5.6822172764880741e-01   33   33   15   15
 5.8371476301211478e-01   33   33   16   16
 5.9934365867474682e-01   33   33   17   17
 5.7290022514778538e-01   33   33   18   18
 5.8036885508928482e-01   33   33   19   19
 5.4524177008464536e-01   33   33   20   20
 5.0941892982861747e-01   33   33   21   21
 5.0304020059377430e-01   33   33   22   22
 5.3057829538906265e-01   33   33   23   23
 1.5494047295996340e+00   33   33   24   24
 1.3093205497649658e+00   33   33   25   25
 1.1505304282178144e+00   33   33   26   26
 1.1420712008341851e+00   33   33   27   27
 1.2801852549266390e+00   33   33   28   28
 1.5144095095479906e+00   33   33   29   29
 2.4624136100176557e+00   33   33   30   30
 2.7629230789107955e+00   33   33   31   31
 3.8464072370748621e+00   33   33   32   32
 8.4208384499999998e+00   33   33   33   33
 1.2837231925422703e+00   34   34    1    1
 1.3045083291278039e+00   34   34    2    2
 1.4878339463939199e+00   34   34    3    3
 1.4366391749450533e+00   34   34    4    4
 8.3997611882940793e-01   34   34    5    5
 8.6891207607731180e-01   34   34    6    6
 7.9576665801094559e-01   34   34    7    7
 7.1814988168488503e-01   34   34    8    8
 6.6331821874277064e-01   34   34    9    9
 7.0379351907533716e-01   34   34   10   10
 7.5162412128918477e-01   34   34   11   11
 6.5256571658579421e-01   34   34   12   12
 6.3302825149938979e-01   34   34   13   13
 6.1617477334896986e-01   34   34   14   14
 6.1717053468309035e-01   34   34   15   15
 6.3461175174314233e-01   34   34   16   16
 6.5271520135548111e-01   34   34   17   17
 6.2009484003183080e-01   34   34   18   18
 6.2776622967645301e-01   34   34   19   19
 5.8607022066321990e-01   34   34   20   20
 5.4524165003287806e-01   34   34   21   21
 5.3869872510381400e-01   34   34   22   22
 5.7089901845590174e-01   34   34   23   23
 1.6237852389754805e+00   34   34   24   24
 1.3441217081050920e+00   34   34   25   25
 1.1642650135758748e+00   34   34   26   26
 1.1508391987012929e+00   34   34   27   27
 1.2986148823082317e+00   34   34   28   28
 1.5693762915782274e+00   34   34   29   29
 2.7129347849256931e+00   34   34   30   30
 2.4957928827194862e+00   34   34   31   31
 2.7446881845107143e+00   34   34   32   32
 3.8465490310586081e+00   34   34   33   33
 8.4208384499999998e+00   34   34   34   34
 1.5154437719069320e+00   35   35    1    1
 1.5758925324003035e+00   35   35    2    2
 1.8758917051818076e+00   35   35    3    3
 1.7002763401025796e+00   35   35    4    4
 9.1939743049774625e-01   35   35    5    5
 9.4811444362668618e-01   35   35    6    6
 8.5917237678140301e-01   35   35    7    7
 7.7172733571083285e-01   35   35    8    8
 7.0717052799011515e-01   35   35    9    9
 7.5864013064563196e-01   35   35   10   10
 8.1621263395056709e-01   35   35   11   11
 6.8944934147270620e-01   35   35   12   12
 6.6603221177819927e-01   35   35   13   13
 6.4284538890936183e-01   35   35   14   14
 6.4062785688408597e-01   35   35   15   15
 6.6044339146108133e-01   35   35   16   16
 6.8531797267414940e-01   35   35   17   17
 6.6142573291035200e-01   35   35   18   18
 6.7378553390600626e-01   35   35   19   19
 6.2776646680134029e-01   35   35   20   20
 5.8036894086166602e-01   35   35   21   21
 5.7084139194354744e-01   35   35   22   22
 6.0518634226072465e-01   35   35   23   23
 2.0184274106564741e+00   35   35   24   24
 1.6040680078344560e+00   35   35   25   25
 1.3443578379573593e+00   35   35   26   26
 1.3099086523128927e+00   35   35   27   27
 1.4856029008647973e+00   35   35   28   28
 1.8733825699875180e+00   35   35   29   29
 3.8125146230088229e+00   35   35   30   30
 2.7664014537730544e+00   35   35   31   31
 2.4955988370744495e+00   35   35   32   32
 2.7628424328811261e+00   35   35   33   33
 3.8500123682924041e+00   35   35   34   34
 8.4208384499999998e+00   35   35   35   35
 1.9834040700865352e+00   36   36    1    1
 1.7766808745926885e+00   36   36    2    2
 1.4243869182529076e+00   36   36    3    3
 1.6239504809247376e+00   36   36    4    4
 3.7199781175466957e+00   36   36    5    5
 2.6795872619320886e+00   36   36    6    6
 1.9901752871301770e+00   36   36    7    7
 1.7863316891839942e+00   36   36    8    8
 1.4121952145737533e+00   36   36    9    9
 1.9910143562875451e+00   36   36   10   10
 2.6817159052171271e+00   36   36   11   11
 1.2569482455245253e+00   36   36   12   12
 1.0959535494579853e+00   36   36   13   13
 9.8787665890902610e-01   36   36   14   14
 9.8882471900619828e-01   36   36   15   15
 1.0955035389457259e+00   36   36   16   16
 1.2497188633034169e+00   36   36   17   17
 1.2601669382217822e+00   36   36   18   18
 1.2565338113462070e+00   36   36   19   19
 1.1023249879271224e+00   36   36   20   20
 9.9379151283455924e-01   36   36   21   21
 9.9112302527822582e-01   36   36   22   22
 1.0982458600195708e+00   36   36   23   23
 9.8680674936213930e-01   36   36   24   24
 9.8064535882982173e-01   36   36   25   25
 8.9228184985054149e-01   36   36   26   26
 8.2598188135695605e-01   36   36   27   27
 8.2654794266635023e-01   36   36   28   28
 8.9557267538207563e-01   36   36   29   29
 9.8419704298782773e-01   36   36   30   30
 8.7584351955428008e-01   36   36   31   31
 8.0965484317492686e-01   36   36   32   32
 8.2181154025512071e-01   36   36   33   33
 9.0569433729817139e-01   36   36   34   34
 1.0009573344793079e+00   36   36   35   35
 8.4208384499999998e+00   36   36   36   36
 2.6836555885163684e+00   37   37    1    1
 2.3607447868958924e+00   37   37    2    2
 1.7812239830701899e+00   37   37    3    3
 2.0203846451640040e+00   37   37    4    4
 2.6836556780417689e+00   37   37    5    5
 2.3607443153530188e+00   37   37    6    6
 1.7812239193627242e+00   37   37    7    7
 1.5465985939937708e+00   37   37    8    8
 1.2632376265831775e+00   37   37    9    9
 1.6313203609915117e+00   37   37   10   10
 2.0203851771072703e+00   37   37   11   11
 1.1443674202901100e+00   37   37   12   12
 1.0244406859057513e+00   37   37   13   13
 9.3240311610508519e-01   37   37   14   14
 9.2713140078723932e-01   37   37   15   15
 1.0080600288619714e+00   37   37   16   16
 1.1274417495631202e+00   37   37   17   17
 1.1399028646540221e+00   37   37   18   18
 1.1575861771042464e+00   37   37   19   19
 1.0263908540225022e+00   37   37   20   20
 9.2061193362400151e-01   37   37   21   21
 9.0815636268104671e-01   37   37   22   22
 9.9511865290211610e-01   37   37   23   23
 1.1443676675631596e+00   37   37   24   24
 1.1274425339707810e+00   37   37   25   25
 1.0080609881724052e+00   37   37   26   26
 9.2713215608171484e-01   37   37   27   27
 9.3240355607174563e-01   37   37   28   28
 1.0244408462155967e+00   37   37   29   29
 1.1399023434961419e+00   37   37   30   30
 9.9511842256917604e-01   37   37   31   31
 9.0815604147644702e-01   37   37   32   32
 9.2061135089643298e-01   37   37   33   33
 1.0263898922930572e+00   37   37   34   34
 1.1575851054243800e+00   37   37   35   35
 3.8333604759997360e+00   37   37   36   36
 8.4208384499999998e+00   37   37   37   37
 3.7199781382105916e+00   38   38    1    1
 2.6795873234056837e+00   38   38    2    2
 1.9901753250663607e+00   38   38    3    3
 2.6817158896946767e+00   38   38    4    4
 1.9834040909343660e+00   38   38    5    5
 1.7766805274606974e+00   38   38    6    6
 1.4243868063540588e+00   38   38    7    7
 1.2720472301920600e+00   38   38    8    8
 1.0727390080999979e+00   38   38    9    9
 1.3457484431142384e+00   38   38   10   10
 1.6239508474845465e+00   38   38   11   11
 9.8680649229090078e-01   38   38   12   12
 8.9557250099113650e-01   38   38   13   13
 8.2654751542202720e-01   38   38   14   14
 8.2598115260639893e-01   38   38   15   15
 8.9228093422755805e-01   38   38   16   16
 9.8064462446768519e-01   38   38   17   17
 9.8419746331843094e-01   38   38   18   18
 1.0009582432953674e+00   38   38   19   19
 9.0569521805989517e-01   38   38   20   20
 8.2181209222517149e-01   38   38   21   21
 8.0965513738504002e-01   38   38   22   22
 8.7584370915128662e-01   38   38   23   23
 1.2569485201640138e+00   38   38   24   24
 1.2497195561505285e+00   38   38   25   25
 1.0955043174370720e+00   38   38   26   26
 9.8882531428272746e-01   38   38   27   27
 9.8787702463848059e-01   38   38   28   28
 1.0959537304393381e+00   38   38   29   29
 1.2601667609244449e+00   38   38   30   30
 1.0982459533893976e+00   38   38   31   31
 9.9112305627827135e-01   38   38   32   32
 9.9379135361974991e-01   38   38   33   33
 1.1023245390786933e+00   38   38   34   34
 1.2565332288398936e+00   38   38   35   35
 2.7243276527562359e+00   38   38   36   36
 3.8333604421059260e+00   38   38   37   37
 8.4208384499999998e+00   38   38   38   38
 2.6798193088971716e+00   39   39    1    1
 2.0181993224384969e+00   39   39    2    2
 1.6297376774923860e+00   39   39    3    3
 2.3590000556926776e+00   39   39    4    4
 1.8060430899245834e+00   39   39    5    5
 1.5601534350265220e+00   39   39    6    6
 1.2843477609612268e+00   39   39    7    7
 1.1838745094648615e+00   39   39    8    8
 1.0070544189563080e+00   39   39    9    9
 1.2836050288583398e+00   39   39   10   10
 1.5587140838954843e+00   39   39   11   11
 9.2873572056346576e-01   39   39   12   12
 8.3908935523680439e-01   39   39   13   13
 7.7809992992809429e-01   39   39   14   14
 7.8392679927905817e-01   39   39   15   15
 8.5230287441451258e-01   39   39   16   16
 9.3399296983682867e-01   39   39   17   17
 9.3040172575239866e-01   39   39   18   18
 9.3794327637090269e-01   39   39   19   19
 8.5671391268732355e-01   39   39   20   20
 7.8718187324786426e-01   39   39   21   21
 7.8002057231105348e-01   39   39   22   22
 8.4022512507706859e-01   39   39   23   23
 1.1360584159980234e+00   39   39   24   24
 1.1504227145735157e+00   39   39   25   25
 1.0193036618877782e+00   39   39   26   26
 9.1545161316023549e-01   39   39   27   27
 9.0462728237404400e-01   39   39   28   28
 9.9232448391114969e-01   39   39   29   29
 1.1457791472944185e+00   39   39   30   30
 1.0254423745181804e+00   39   39   31   31
 9.3453796405316769e-01   39   39   32   32
 9.3083126528010174e-01   39   39   33   33
 1.0129939894555233e+00   39   39   34   34
 1.1317751756704653e+00   39   39   35   35
 2.4774912159568148e+00   39   39   36   36
 2.7529854187628215e+00   39   39   37   37
 3.8293726573816045e+00   39   39   38   38
 8.4208384499999998e+00   39   39   39   39
 1.9894933565963668e+00   40   40    1    1
 1.6295906995553677e+00   40   40    2    2
 1.3489088008818428e+00   40   40    3    3
 1.7783523780657067e+00   40   40    4    4
 1.9894933077914367e+00   40   40    5    5
 1.6295906516367047e+00   40   40    6    6
 1.3489087147440706e+00   40   40    7    7
 1.2736500726526589e+00   40   40    8    8
 1.0734969959628187e+00   40   40    9    9
 1.4253828089999354e+00   40   40   10   10
 1.7783522260300115e+00   40   40   11   11
 9.8283975344836916e-01   40   40   12   12
 8.7506547846963656e-01   40   40   13   13
 8.0795689292794004e-01   40   40   14   14
 8.1858127327367003e-01   40   40   15   15
 9.0102552230207844e-01   40   40   16   16
 9.9678566825031167e-01   40   40   17   17
 9.8919416245496516e-01   40   40   18   18
 9.8557265078003886e-01   40   40   19   19
 8.9747317894424161e-01   40   40   20   20
 8.2979961265935753e-01   40   40   21   21
 8.2886918156985734e-01   40   40   22   22
 8.9710870294102307e-01   40   40   23   23
 9.8284002584021668e-01   40   40   24   24
 9.9678623756361817e-01   40   40   25   25
 9.0102616463052676e-01   40   40   26   26
 8.1858176568013219e-01   40   40   27   27
 8.0795720315106567e-01   40   40   28   28
 8.7506566623687654e-01   40   40   29   29
 9.8919417502517315e-01   40   40   30   30
 8.9710892005999354e-01   40   40   31   31
 8.2886934733048601e-01   40   40   32   32
 8.2979961156843274e-01   40   40   33   33
 8.9747295589217191e-01   40   40   34   34
 9.8557237281396326e-01   40   40   35   35
 2.7411486732098402e+00   40   40   36   36
 2.4978532848327699e+00   40   40   37   37
 2.7411486879839257e+00   40   40   38   38
 3.8468144772626589e+00   40   40   39   39
 8.4208384499999998e+00   40   40   40   40
 1.8060430967775574e+00   41   41    1    1
 1.5601536126438864e+00   41   41    2    2
 1.2843478611514167e+00   41   41    3    3
 1.5587139272826007e+00   41   41    4    4
 2.6798192006361030e+00   41   41    5    5
 2.0181993952024757e+00   41   41    6    6
 1.6297376059585817e+00   41   41    7    7
 1.5451121212683898e+00   41   41    8    8
 1.2618550875536507e+00   41   41    9    9
 1.7799771528865538e+00   41   41   10   10
 2.3589994308293467e+00   41   41   11   11
 1.1360581242137981e+00   41   41   12   12
 9.9232428596837641e-01   41   41   13   13
 9.0462698497021921e-01   41   41   14   14
 9.1545116019322847e-01   41   41   15   15
 1.0193030663805362e+00   41   41   16   16
 1.1504221541280799e+00   41   41   17   17
 1.1457790047203378e+00   41   41   18   18
 1.1317753108139523e+00   41   41   19   19
 1.0129940354095193e+00   41   41   20   20
 9.3083109410720399e-01   41   41   21   21
 9.3453764203269096e-01   41   41   22   22
 1.0254420080302840e+00   41   41   23   23
 9.2873597984582124e-01   41   41   24   24
 9.3399360940030440e-01   41   41   25   25
 8.5230364769795597e-01   41   41   26   26
 7.8392740482762735e-01   41   41   27   27
 7.7810029317606844e-01   41   41   28   28
 8.3908953442291345e-01   41   41   29   29
 9.3040151818975880e-01   41   41   30   30
 8.4022511695813995e-01   41   41   31   31
 7.8002048219646059e-01   41   41   32   32
 7.8718157349860185e-01   41   41   33   33
 8.5671335447561969e-01   41   41   34   34
 9.3794269702904898e-01   41   41   35   35
 3.8293726267224955e+00   41   41   36   36
 2.7529854169699588e+00   41   41   37   37
 2.4774912125127906e+00   41   41   38   38
 2.7476741949387731e+00   41   41   39   39
 3.8468144489966010e+00   41   41   40   40
 8.4208384499999998e+00   41   41   41   41
 2.4405640258432508e+00   42   42    1    1
 2.7152313844957914e+00   42   42    2    2
 3.8127928360400065e+00   42   42    3    3
 2.7152543518171739e+00   42   42    4    4
 1.1214165874289710e+00   42   42    5    5
 1.1179523982380102e+00   42   42    6    6
 9.8354702793789661e-01   42   42    7    7
 8.8568707101761901e-01   42   42    8    8
 7.9406394597880714e-01   42   42    9    9
 8.9080367144792316e-01   42   42   10   10
 9.8473751909772167e-01   42   42   11   11
 7.5367267233398205e-01   42   42   12   12
 7.1640691923217792e-01   42   42   13   13
 6.7721768637575286e-01   42   42   14   14
 6.6974863804483376e-01   42   42   15   15
 6.9812077328930944e-01   42   42   16   16
 7.4094849427710419e-01   42   42   17   17
 7.4697332630065860e-01   42   42   18   18
 7.7172833124715012e-01   42   42   19   19
 7.1815102834050315e-01   42   42   20   20
 6.5621997024370493e-01   42   42   21   21
 6.3913746235915070e-01   42   42   22   22
 6.7654371088163556e-01   42   42   23   23
 2.6605707286733447e+00   42   42   24   24
 2.3005613708790311e+00   42   42   25   25
 1.7530282169888738e+00   42   42   26   26
 1.5513956224722774e+00   42   42   27   27
 1.6249223521296039e+00   42   42   28   28
 2.0184065833424292e+00   42   42   29   29
 2.6630679679806160e+00   42   42   30   30
 2.0204963246021763e+00   42   42   31   31
 1.6266234238579738e+00   42   42   32   32
 1.5532702325003749e+00   42   42   33   33
 1.7552863916484434e+00   42   42   34   34
 2.3036766449966453e+00   42   42   35   35
 1.2720471283016725e+00   42   42   36   36
 1.5465983950010382e+00   42   42   37   37
 1.7863317080211487e+00   42   42   38   38
 1.5451123471100334e+00   42   42   39   39
 1.2736501996450256e+00   42   42   40   40
 1.1838745190096849e+00   42   42   41   41
 8.4208384499999998e+00   42   42   42   42
 1.7919412945841775e+00   43   43    1    1
 1.9815953478496728e+00   43   43    2    2
 2.6691212416981109e+00   43   43    3    3
 1.9819630695190669e+00   43   43    4    4
 9.6821626372569169e-01   43   43    5    5
 9.7389910887063103e-01   43   43    6    6
 8.7466638602142233e-01   43   43    7    7
 7.9406389159374080e-01   43   43    8    8
 7.2220415652482561e-01   43   43    9    9
 7.9362640734787926e-01   43   43   10   10
 8.6402276983346016e-01   43   43   11   11
 6.9054418749619839e-01   43   43   12   12
 6.6304532821628792e-01   43   43   13   13
 6.3102924607564470e-01   43   43   14   14
 6.2313074184640671e-01   43   43   15   15
 6.4437108141204202e-01   43   43   16   16
 6.7830100083676725e-01   43   43   17   17
 6.8388263553286921e-01   43   43   18   18
 7.0717141708594489e-01   43   43   19   19
 6.6331929310669013e-01   43   43   20   20
 6.0901902030072319e-01   43   43   21   21
 5.9253319271963767e-01   43   43   22   22
 6.2368343292774708e-01   43   43   23   23
 3.7433716573518132e+00   43   43   24   24
 2.6707267724328760e+00   43   43   25   25
 1.9809036825281530e+00   43   43   26   26
 1.8032084433272029e+00   43   43   27   27
 1.9806628930113857e+00   43   43   28   28
 2.6700755665399174e+00   43   43   29   29
 3.7416533497158411e+00   43   43   30   30
 2.6698105589880132e+00   43   43   31   31
 1.9804239642347383e+00   43   43   32   32
 1.8030653657450364e+00   43   43   33   33
 1.9807714655061797e+00   43   43   34   34
 2.6705797765176600e+00   43   43   35   35
 1.0727389028532166e+00   43   43   36   36
 1.2632374461995335e+00   43   43   37   37
 1.4121952359263212e+00   43   43   38   38
 1.2618552994709740e+00   43   43   39   39
 1.0734971266756390e+00   43   43   40   40
 1.0070544292745440e+00   43   43   41   41
 3.7443420972386194e+00   43   43   42   42
 8.4208384499999998e+00   43   43   43   43
 2.7429974391773082e+00   44   44    1    1
 2.5035503458798525e+00   44   44    2    2
 2.7707804644471903e+00   44   44    3    3
 3.8534587087861065e+00   44   44    4    4
 1.1565886665198504e+00   44   44    5    5
 1.1351933363914315e+00   44   44    6    6
 9.8753473817230786e-01   44   44    7    7
 8.9080345218219292e-01   44   44    8    8
 7.9362624700890172e-01   44   44    9    9
 9.0449148364326648e-01   44   44   10   10
 1.0114971882879216e+00   44   44   11   11
 7.5480598410561128e-01   44   44   12   12
 7.1135322465881312e-01   44   44   13   13
 6.7390894835346593e-01   44   44   14   14
 6.7256979969675768e-01   44   44   15   15
 7.0722573228450436e-01   44   44   16   16
 7.5042746558478446e-01   44   44   17   17
 7.4183458263993007e-01   44   44   18   18
 7.5864085113192437e-01   44   44   19   19
 7.0379437535746270e-01   44   44   20   20
 6.4674931122846346e-01   44   44   21   21
 6.3443538045841330e-01   44   44   22   22
 6.7420082715199092e-01   44   44   23   23
 2.0171993648583468e+00   44   44   24   24
 1.8719927777106586e+00   44   44   25   25
 1.4850796656226104e+00   44   44   26   26
 1.3097344416737968e+00   44   44   27   27
 1.3442250238165858e+00   44   44   28   28
 1.6036843197264663e+00   44   44   29   29
 2.3032430957970540e+00   44   44   30   30
 1.8769191527796480e+00   44   44   31   31
 1.5751537473373523e+00   44   44   32   32
 1.5224271715916626e+00   44   44   33   33
 1.6999189758498021e+00   44   44   34   34
 2.1092444496019245e+00   44   44   35   35
 1.3457481706501955e+00   44   44   36   36
 1.6313199629723583e+00   44   44   37   37
 1.9910143433726730e+00   44   44   38   38
 1.7799775658826509e+00   44   44   39   39
 1.4253829662483817e+00   44   44   40   40
 1.2836049435554540e+00   44   44   41   41
 3.8129221029665605e+00   44   44   42   42
 2.6700744991228689e+00   44   44   43   43
 8.4208384499999998e+00   44   44   44   44
 2.7067465976178182e+00   45   45    1    1
 3.5232713540815732e+00   45   45    2    2
 4.4706009644186935e+00   45   45    3    3
 2.4831324668417354e+00   45   45    4    4
 1.6976460809628007e+00   45   45    5    5
 1.7313306098438219e+00   45   45    6    6
 1.5666080661608128e+00   45   45    7    7
 1.4174085901026046e+00   45   45    8    8
 1.2874627058652304e+00   45   45    9    9
 1.4041202287701731e+00   45   45   10   10
 1.5149921345511090e+00   45   45   11   11
 1.2121559079505102e+00   45   45   12   12
 1.1685949934065600e+00   45   45   13   13
 1.0954421053411918e+00   45   45   14   14
 1.0628227093492988e+00   45   45   15   15
 1.0919595892083362e+00   45   45   16   16
 1.1641037144063675e+00   45   45   17   17
 1.2297320313639299e+00   45   45   18   18
 1.2980283593105639e+00   45   45   19   19
 1.2156747911480144e+00   45   45   20   20
 1.0975695598226745e+00   45   45   21   21
 1.0535579547467979e+00   45   45   22   22
 1.1063667593727033e+00   45   45   23   23
 3.2476029950209244e+00   45   45   24   24
 2.9516792267027161e+00   45   45   25   25
 2.5870377860839087e+00   45   45   26   26
 2.4653492725784591e+00   45   45   27   27
 2.6064973176585773e+00   45   45   28   28
 2.9840429241082012e+00   45   45   29   29
 2.5738364739928037e+00   45   45   30   30
 2.1404152029935122e+00   45   45   31   31
 1.8372138653007191e+00   45   45   32   32
 1.7928816098996301e+00   45   45   33   33
 1.9975324082551738e+00   45   45   34   34
 2.4202342572411033e+00   45   45   35   35
 1.8246792594711099e+00   45   45   36   36
 2.1640632508734177e+00   45   45   37   37
 2.2438830677337198e+00   45   45   38   38
 1.9117085172072616e+00   45   45   39   39
 1.6726274181682088e+00   45   45   40   40
 1.6425707921581880e+00   45   45   41   41
 3.4646192777950469e+00   45   45   42   42
 3.2119267542624073e+00   45   45   43   43
 2.6954221043850306e+00   45   45   44   44
 9.6429912899999994e+00   45   45   45   45
 2.7069950460217442e+00   46   46    1    1
 2.4833454098417231e+00   46   46    2    2
 2.6955284400615973e+00   46   46    3    3
 3.5236615692209536e+00   46   46    4    4
 1.4676347145307407e+00   46   46    5    5
 1.4414973243082740e+00   46   46    6    6
 1.2835087520533293e+00   46   46    7    7
 1.1763490773558976e+00   46   46    8    8
 1.0651263771945916e+00   46   46    9    9
 1.1941517561144730e+00   46   46   10   10
 1.3156270454694972e+00   46   46   11   11
 1.0245472315201001e+00   46   46   12   12
 9.7156383595848417e-01   46   46   13   13
 9.3053703334546489e-01   46   46   14   14
 9.3447417015499235e-01   46   46   15   15
 9.7946038662287072e-01   46   46   16   16
 1.0270673024039734e+00   46   46   17   17
 1.0011246619602254e+00   46   46   18   18
 1.0162670226516359e+00   46   46   19   19
 9.5139898340650397e-01   46   46   20   20
 8.8526303896553471e-01   46   46   21   21
 8.7289108341691291e-01   46   46   22   22
 9.2264138065005263e-01   46   46   23   23
 2.5762102938048193e+00   46   46   24   24
 2.4224057046927254e+00   46   46   25   25
 1.9995116771108419e+00   46   46   26   26
 1.7946997742543456e+00   46   46   27   27
 1.8389983737142890e+00   46   46   28   28
 2.1422788303864686e+00   46   46   29   29
 3.2480759020235013e+00   46   46   30   30
 2.9920957734157616e+00   46   46   31   31
 2.6123503204797993e+00   46   46   32   32
 2.4674405856127413e+00   46   46   33   33
 2.5847343928793660e+00   46   46   34   34
 2.9464843197905073e+00   46   46   35   35
 1.6686498672002057e+00   46   46   36   36
 1.9129755214375612e+00   46   46   37   37
 2.2450979215404656e+00   46   46   38   38
 2.1638405918253292e+00   46   46   39   39
 1.8243293508441043e+00   46   46   40   40
 1.6411205777498874e+00   46   46   41   41
 3.4645461064380254e+00   46   46   42   42
 3.2128023525571550e+00   46   46   43   43
 4.4705486340044054e+00   46   46   44   44
 2.8004502254754100e+00   46   46   45   45
 9.6429912899999994e+00   46   46   46   46
 1.6976456326891947e+00   47   47    1    1
 1.7313306192133187e+00   47   47    2    2
 1.5666076898982129e+00   47   47    3    3
 1.5149911595735295e+00   47   47    4    4
 2.7067465720195325e+00   47   47    5    5
 3.5232713315275617e+00   47   47    6    6
 4.4706009632657668e+00   47   47    7    7
 3.4646193049948937e+00   47   47    8    8
 3.2119267663625526e+00   47   47    9    9
 2.6954221137755883e+00   47   47   10   10
 2.4831324491760411e+00   47   47   11   11
 3.2476015218396523e+00   47   47   12   12
 2.9840416391706586e+00   47   47   13   13
 2.6064950216112321e+00   47   47   14   14
 2.4653462828771997e+00   47   47   15   15
 2.5870345915322366e+00   47   47   16   16
 2.9516764586001707e+00   47   47   17   17
 2.5738371256300545e+00   47   47   18   18
 2.4202354218816109e+00   47   47   19   19
 1.9975333392785384e+00   47   47   20   20
 1.7928822609227191e+00   47   47   21   21
 1.8372143163492622e+00   47   47   22   22
 2.1404155541472560e+00   47   47   23   23
 1.2121556126636324e+00   47   47   24   24
 1.1641040928041995e+00   47   47   25   25
 1.0919604009494850e+00   47   47   26   26
 1.0628234361914337e+00   47   47   27   27
 1.0954423492661851e+00   47   47   28   28
 1.1685946748289959e+00   47   47   29   29
 1.2297303654080423e+00   47   47   30   30
 1.1063653723644586e+00   47   47   31   31
 1.0535562934999863e+00   47   47   32   32
 1.0975673010950731e+00   47   47   33   33
 1.2156718969538678e+00   47   47   34   34
 1.2980257138397062e+00   47   47   35   35
 2.2438830464653918e+00   47   47   36   36
 2.1640630587279084e+00   47   47   37   37
 1.8246790049266379e+00   47   47   38   38
 1.6425706232451032e+00   47   47   39   39
 1.6726273432083925e+00   47   47   40   40
 1.9117085135176413e+00   47   47   41   41
 1.4174077143224706e+00   47   47   42   42
 1.2874617302120666e+00   47   47   43   43
 1.4041191392570052e+00   47   47   44   44
 2.0575345924441990e+00   47   47   45   45
 1.6648632341369947e+00   47   47   46   46
 9.6429912899999994e+00   47   47   47   47
 1.4676352903154164e+00   48   48    1    1
 1.4414984559438193e+00   48   48    2    2
 1.2835096927332794e+00   48   48    3    3
 1.3156271959991908e+00   48   48    4    4
 2.7069950469903317e+00   48   48    5    5
 2.4833454051183059e+00   48   48    6    6
 2.6955284303800653e+00   48   48    7    7
 3.4645461006089784e+00   48   48    8    8
 3.2128023121731202e+00   48   48    9    9
 4.4705486596677364e+00   48   48   10   10
 3.5236616006293819e+00   48   48   11   11
 2.5762105763646468e+00   48   48   12   12
 2.1422790100580968e+00   48   48   13   13
 1.8389986619752892e+00   48   48   14   14
 1.7947001816904993e+00   48   48   15   15
 1.9995122149136366e+00   48   48   16   16
 2.4224062812048874e+00   48   48   17   17
 3.2480748276523967e+00   48   48   18   18
 2.9464832184445204e+00   48   48   19   19
 2.5847329510624597e+00   48   48   20   20
 2.4674387903418427e+00   48   48   21   21
 2.6123483535315861e+00   48   48   22   22
 2.9920939300038651e+00   48   48   23   23
 1.0245482079282484e+00   48   48   24   24
 1.0270689149402088e+00   48   48   25   25
 9.7946237351037468e-01   48   48   26   26
 9.3447594053790894e-01   48   48   27   27
 9.3053830705319340e-01   48   48   28   28
 9.7156471177186965e-01   48   48   29   29
 1.0011246047172686e+00   48   48   30   30
 9.2264145067109493e-01   48   48   31   31
 8.7289088596480502e-01   48   48   32   32
 8.8526244947452548e-01   48   48   33   33
 9.5139809635000783e-01   48   48   34   34
 1.0162663563724097e+00   48   48   35   35
 2.2450979128845310e+00   48   48   36   36
 1.9129760239651608e+00   48   48   37   37
 1.6686502873907350e+00   48   48   38   38
 1.6411207207203964e+00   48   48   39   39
 1.8243290744635152e+00   48   48   40   40
 2.1638399679645715e+00   48   48   41   41
 1.1763496076058992e+00   48   48   42   42
 1.0651268447341373e+00   48   48   43   43
 1.1941519856176657e+00   48   48   44   44
 1.6648648346643451e+00   48   48   45   45
 1.4513857644102719e+00   48   48   46   46
 2.8004502323650837e+00   48   48   47   47
 9.6429912899999994e+00   48   48   48   48
 1.2235105467563634e+00   49   49    1    1
 1.2605476347521058e+00   49   49    2    2
 1.1739982692630329e+00   49   49    3    3
 1.1147021031247208e+00   49   49    4    4
 1.7897128420567010e+00   49   49    5    5
 2.0007031186244224e+00   49   49    6    6
 2.4220345554707428e+00   49   49    7    7
 2.5773536786816553e+00   49   49    8    8
 3.2130413283939601e+00   49   49    9    9
 2.1433090052148898e+00   49   49   10   10
 1.8414395680546856e+00   49   49   11   11
 3.4647086672257470e+00   49   49   12   12
 4.4734395168489902e+00   49   49   13   13
 3.5261568818978972e+00   49   49   14   14
 2.7175388317481577e+00   49   49   15   15
 2.4792206609201326e+00   49   49   16   16
 2.6940767575334021e+00   49   49   17   17
 3.2439224986436752e+00   49   49   18   18
 2.9840200312338196e+00   49   49   19   19
 2.5985211994790411e+00   49   49   20   20
 2.4512787343341320e+00   49   49   21   21
 2.5708822222393319e+00   49   49   22   22
 2.9381968145339767e+00   49   49   23   23
 9.7162594604195029e-01   49   49   24   24
 9.4710907300963221e-01   49   49   25   25
 9.1114418940623187e-01   49   49   26   26
 8.9744120480455625e-01   49   49   27   27
 9.1643665303937760e-01   49   49   28   28
 9.5322454871625195e-01   49   49   29   29
 9.6015597720134083e-01   49   49   30   30
 8.8254773062935532e-01   49   49   31   31
 8.4536921062459547e-01   49   49   32   32
 8.7143700263526169e-01   49   49   33   33
 9.4440999420245841e-01   49   49   34   34
 9.9625627267507200e-01   49   49   35   35
 1.5368107437081253e+00   49   49   36   36
 1.4659849161417087e+00   49   49   37   37
 1.2949124544263244e+00   49   49   38   38
 1.2079181000434818e+00   49   49   39   39
 1.2440463134776358e+00   49   49   40   40
 1.3906818485770114e+00   49   49   41   41
 1.0753287699314709e+00   49   49   42   42
 1.0034134147512568e+00   49   49   43   43
 1.0549708292516655e+00   49   49   44   44
 1.6109063158118249e+00   49   49   45   45
 1.2933341241585992e+00   49   49   46   46
 3.4862918061002848e+00   49   49   47   47
 2.6404080169267394e+00   49   49   48   48
 9.6429912899999994e+00   49   49   49   49
 1.0560876854049359e+00   50   50    1    1
 1.0519003026080074e+00   50   50    2    2
 9.9073554853433199e-01   50   50    3    3
 9.9571493805252564e-01   50   50    4    4
 1.4385092806027890e+00   50   50    5    5
 1.5881165219602789e+00   50   50    6    6
 1.7921345389808143e+00   50   50    7    7
 1.7974833172772426e+00   50   50    8    8
 1.9940680796924859e+00   50   50    9    9
 1.5837285037695308e+00   50   50   10   10
 1.4398051113822630e+00   50   50   11   11
 2.4584861530212514e+00   50   50   12   12
 2.7051813472099360e+00   50   50   13   13
 3.4933512992718683e+00   50   50   14   14
 4.4792721832046176e+00   50   50   15   15
 3.4932499510486341e+00   50   50   16   16
 2.7052089033563105e+00   50   50   17   17
 1.7955852974829203e+00   50   50   18   18
 1.5837405903544761e+00   50   50   19   19
 1.4384104385361256e+00   50   50   20   20
 1.4400306246489210e+00   50   50   21   21
 1.5844552086129495e+00   50   50   22   22
 1.7876994354006170e+00   50   50   23   23
 8.4000849169089820e-01   50   50   24   24
 8.1051293103161459e-01   50   50   25   25
 7.7220570429189306e-01   50   50   26   26
 7.5984963517901138e-01   50   50   27   27
 7.8208257453089247e-01   50   50   28   28
 8.2200689413346928e-01   50   50   29   29
 8.6945496992643867e-01   50   50   30   30
 8.0872959215499995e-01   50   50   31   31
 7.9123478148723048e-01   50   50   32   32
 8.2831010368247404e-01   50   50   33   33
 8.9393263494266506e-01   50   50   34   34
 9.1812736169057085e-01   50   50   35   35
 1.2887379996720234e+00   50   50   36   36
 1.2265268801659033e+00   50   50   37   37
 1.1157344856536910e+00   50   50   38   38
 1.0665032578479574e+00   50   50   39   39
 1.1047979977027942e+00   50   50   40   40
 1.2107040279558146e+00   50   50   41   41
 9.3917340088033030e-01   50   50   42   42
 8.8327376695930382e-01   50   50   43   43
 9.4386890616233610e-01   50   50   44   44
 1.3275420148847499e+00   50   50   45   45
 1.1955315921722669e+00   50   50   46   46
 2.6370392394840363e+00   50   50   47   47
 2.0050096680909930e+00   50   50   48   48
 2.8483846423693171e+00   50   50   49   49
 9.6429912899999994e+00   50   50   50   50
 1.4056973742921806e+00   51   51    1    1
 1.3596318195554435e+00   51   51    2    2
 1.2273617560115486e+00   51   51    3    3
 1.2916313277720970e+00   51   51    4    4
 2.4390911967065545e+00   51   51    5    5
 2.5718510727373340e+00   51   51    6    6
 2.9404096024445439e+00   51   51    7    7
 3.2436321485352453e+00   51   51    8    8
 3.2140614267344532e+00   51   51    9    9
 2.9796297281440469e+00   51   51   10   10
 2.5960645853020661e+00   51   51   11   11
 3.4645060686772169e+00   51   51   12   12
 2.6941425122545666e+00   51   51   13   13
 2.4792888695621937e+00   51   51   14   14
 2.7175051173054658e+00   51   51   15   15
 3.5260698868744424e+00   51   51   16   16
 4.4733267257329974e+00   51   51   17   17
 2.5777095225437874e+00   51   51   18   18
 2.1434404421963937e+00   51   51   19   19
 1.8406753137174934e+00   51   51   20   20
 1.7969847866531810e+00   51   51   21   21
 2.0022446156955684e+00   51   51   22   22
 2.4252272516220432e+00   51   51   23   23
 9.8519911781969161e-01   51   51   24   24
 9.6489363628391256e-01   51   51   25   25
 9.0941620388622080e-01   51   51   26   26
 8.7527605997768765e-01   51   51   27   27
 8.8779976787948278e-01   51   51   28   28
 9.3946979760036142e-01   51   51   29   29
 1.0071549114333902e+00   51   51   30   30
 9.2728568241938070e-01   51   51   31   31
 8.9157406061336186e-01   51   51   32   32
 9.2202279099604456e-01   51   51   33   33
 9.9913832863493357e-01   51   51   34   34
 1.0491025844300530e+00   51   51   35   35
 2.0471501942186783e+00   51   51   36   36
 1.7956850934932211e+00   51   51   37   37
 1.5739759480669275e+00   51   51   38   38
 1.5317335113158179e+00   51   51   39   39
 1.6701926771393067e+00   51   51   40   40
 1.9432342378675742e+00   51   51   41   41
 1.1473870580323571e+00   51   51   42   42
 1.0450108420683062e+00   51   51   43   43
 1.1776089300546222e+00   51   51   44   44
 1.5787983937514360e+00   51   51   45   45
 1.4526320429662039e+00   51   51   46   46
 3.3512210051217348e+00   51   51   47   47
 3.4920579560974252e+00   51   51   48   48
 2.8005001949403856e+00   51   51   49   49
 2.8482333980912240e+00   51   51   50   50
 9.6429912899999994e+00   51   51   51   51
 1.5613411681802609e+00   52   52    1    1
 1.6397055690782578e+00   52   52    2    2
 1.4827203453500741e+00   52   52    3    3
 1.3712855410632054e+00   52   52    4    4
 2.4542500934528224e+00   52   52    5    5
 2.6106610724585431e+00   52   52    6    6
 2.9888513319430774e+00   52   52    7    7
 3.2463813229016694e+00   52   52    8    8
 3.2149731866151843e+00   52   52    9    9
 2.9436436146243676e+00   52   52   10   10
 2.5824283133286969e+00   52   52   11   11
 2.5805345831893187e+00   52   52   12   12
 2.4285461920503479e+00   52   52   13   13
 2.0046693488314555e+00   52   52   14   14
 1.7986443664707024e+00   52   52   15   15
 1.8420144621916161e+00   52   52   16   16
 2.1448447839804050e+00   52   52   17   17
 3.4652220147924084e+00   52   52   18   18
 4.4734175013000925e+00   52   52   19   19
 3.5254295057554379e+00   52   52   20   20
 2.7172418682792658e+00   52   52   21   21
 2.4792277447528757e+00   52   52   22   22
 2.6945605201771596e+00   52   52   23   23
 1.1724966700056565e+00   52   52   24   24
 1.1619329946267782e+00   52   52   25   25
 1.1172466242294670e+00   52   52   26   26
 1.0845207989401395e+00   52   52   27   27
 1.0910531697108896e+00   52   52   28   28
 1.1330210133214464e+00   52   52   29   29
 1.1159819275073997e+00   52   52   30   30
 1.0144845120576040e+00   52   52   31   31
 9.5199852313053579e-01   52   52   32   32
 9.6690729131609654e-01   52   52   33   33
 1.0502587581799612e+00   52   52   34   34
 1.1356434967120148e+00   52   52   35   35
 2.0609174382094206e+00   52   52   36   36
 1.9586132406897001e+00   52   52   37   37
 1.6803364757459780e+00   52   52   38   38
 1.5402100490588109e+00   52   52   39   39
 1.5841828625544949e+00   52   52   40   40
 1.8040895308067373e+00   52   52   41   41
 1.3147519480089853e+00   52   52   42   42
 1.2011598675326525e+00   52   52   43   43
 1.2789604169290294e+00   52   52   44   44
 2.0194360124033301e+00   52   52   45   45
 1.5154242394376158e+00   52   52   46   46
 3.4911673011296296e+00   52   52   47   47
 3.3402579111587518e+00   52   52   48   48
 3.5018203472014364e+00   52   52   49   49
 2.0091915993069840e+00   52   52   50   50
 2.6404151827272009e+00   52   52   51   51
 9.6429912899999994e+00   52   52   52   52
 1.0420688770548856e+00   53   53    1    1
 1.0692235830105763e+00   53   53    2    2
 9.9730698251870220e-01   53   53    3    3
 9.5316387554996618e-01   53   53    4    4
 1.4444468770081502e+00   53   53    5    5
 1.4436953716768897e+00   53   53    6    6
 1.5855850263246634e+00   53   53    7    7
 1.7992767729082837e+00   53   53    8    8
 1.9939288556266981e+00   53   53    9    9
 1.7968362559622628e+00   53   53   10   10
 1.5947948284601898e+00   53   53   11   11
 1.7951819445695352e+00   53   53   12   12
 1.7877442242272299e+00   53   53   13   13
 1.5844506885925522e+00   53   53   14   14
 1.4398541083028686e+00   53   53   15   15
 1.4379404391312522e+00   53   53   16   16
 1.5830477453235907e+00   53   53   17   17
 2.4587376370892358e+00   53   53   18   18
 2.7052670797215490e+00   53   53   19   19
 3.4935279439985369e+00   53   53   20   20
 4.4791209969539425e+00   53   53   21   21
 3.4928658538534743e+00   53   53   22   22
 2.7050405083002560e+00   53   53   23   23
 8.5210243339950320e-01   53   53   24   24
 8.5698209692850558e-01   53   53   25   25
 8.4186244077446304e-01   53   53   26   26
 8.2246393093252923e-01   53   53   27   27
 8.1734658119375347e-01   53   53   28   28
 8.3156428981120467e-01   53   53   29   29
 8.1059215253575156e-01   53   53   30   30
 7.5681577784578791e-01   53   53   31   31
 7.1916001200039592e-01   53   53   32   32
 7.2520772435456593e-01   53   53   33   33
 7.7030023406941850e-01   53   53   34   34
 8.1666456447258884e-01   53   53   35   35
 1.2953692078632386e+00   53   53   36   36
 1.2176661141136671e+00   53   53   37   37
 1.1097313868333543e+00   53   53   38   38
 1.0714550879961340e+00   53   53   39   39
 1.1212802933440187e+00   53   53   40   40
 1.2319447620812431e+00   53   53   41   41
 9.1725572384232668e-01   53   53   42   42
 8.5970562072808709e-01   53   53   43   43
 9.0224630496218605e-01   53   53   44   44
 1.3770412540670476e+00   53   53   45   45
 1.1215589368810444e+00   53   53   46   46
 2.0031875604262335e+00   53   53   47   47
 2.6391773917878747e+00   53   53   48   48
 2.6221239474280664e+00   53   53   49   49
 1.7028122702782258e+00   53   53   50   50
 2.0075764538629275e+00   53   53   51   51
 2.8480445952251534e+00   53   53   52   52
 9.6429912899999994e+00   53   53   53   53
 1.1386297557438605e+00   54   54    1    1
 1.1342766546827494e+00   54   54    2    2
 1.0422053899573491e+00   54   54    3    3
 1.0461591796442791e+00   54   54    4    4
 1.7898535387721788e+00   54   54    5    5
 1.8410424559331573e+00   54   54    6    6
 2.1432647183020408e+00   54   54    7    7
 2.5797728169366758e+00   54   54    8    8
 3.2149201901021218e+00   54   54    9    9
 2.4263338996399297e+00   54   54   10   10
 2.0025483724919262e+00   54   54   11   11
 3.2426640643279594e+00   54   54   12   12
 2.9380761631337586e+00   54   54   13   13
 2.5704944178726672e+00   54   54   14   14
 2.4505303586535523e+00   54   54   15   15
 2.5968282534285523e+00   54   54   16   16
 2.9815357099541799e+00   54   54   17   17
 3.4661064610284664e+00   54   54   18   18
 2.6946925114240519e+00   54   54   19   19
 2.4793084238399534e+00   54   54   20   20
 2.7171394971911313e+00   54   54   21   21
 3.5251046905558048e+00   54   54   22   22
 4.4734949161400701e+00   54   54   23   23
 8.6526595645044901e-01   54   54   24   24
 8.5620712242558006e-01   54   54   25   25
 8.2261835232523561e-01   54   54   26   26
 7.9872717862495957e-01   54   54   27   27
 8.0446031791928108e-01   54   54   28   28
 8.3608559927124337e-01   54   54   29   29
 8.5838815806480506e-01   54   54   30   30
 7.9722785817038289e-01   54   54   31   31
 7.6488036373788304e-01   54   54   32   32
 7.8312186350034652e-01   54   54   33   33
 8.3948462847823180e-01   54   54   34   34
 8.8204794924593088e-01   54   54   35   35
 1.5367200202918920e+00   54   54   36   36
 1.3916919314224601e+00   54   54   37   37
 1.2426682440590151e+00   54   54   38   38
 1.2072346251091874e+00   54   54   39   39
 1.2942214254815403e+00   54   54   40   40
 1.4644290940336231e+00   54   54   41   41
 9.6846612394925768e-01   54   54   42   42
 8.9675594080991972e-01   54   54   43   43
 9.7358813719349546e-01   54   54   44   44
 1.3921655950107117e+00   54   54   45   45
 1.2124587824661808e+00   54   54   46   46
 2.6400769389400356e+00   54   54   47   47
 3.5002818512448366e+00   54   54   48   48
 3.3412527990999821e+00   54   54   49   49
 2.6217570890038191e+00   54   54   50   50
 3.4976621168511799e+00   54   54   51   51
 2.8015151049541815e+00   54   54   52   52
 2.8475576818472654e+00   54   54   53   53
 9.6429912899999994e+00   54   54   54   54
 2.4390922910356783e+00   55   55    1    1
 2.5718526478448243e+00   55   55    2    2
 2.9404109508519358e+00   55   55    3    3
 2.5960648597216056e+00   55   55    4    4
 1.4056987178464635e+00   55   55    5    5
 1.3596325923459311e+00   55   55    6    6
 1.2273626480657676e+00   55   55    7    7
 1.1473883438701356e+00   55   55    8    8
 1.0450120709761246e+00   55   55    9    9
 1.1776105915520092e+00   55   55   10   10
 1.2916331228334692e+00   55   55   11   11
 9.8519973511342129e-01   55   55   12   12
 9.3947037419420310e-01   55   55   13   13
 8.8779988310372071e-01   55   55   14   14
 8.7527577514021671e-01   55   55   15   15
 9.0941585459404917e-01   55   55   16   16
 9.6489369733778718e-01   55   55   17   17
 1.0071566722676066e+00   55   55   18   18
 1.0491050988593293e+00   55   55   19   19
 9.9914108213165664e-01   55   55   20   20
 9.2202506375895876e-01   55   55   21   21
 8.9157581877188286e-01   55   55   22   22
 9.2728720193990632e-01   55   55   23   23
 3.4645059854539890e+00   55   55   24   24
 4.4733267105784380e+00   55   55   25   25
 3.5260699182810340e+00   55   55   26   26
 2.7175051384671995e+00   55   55   27   27
 2.4792888612143438e+00   55   55   28   28
 2.6941424640345568e+00   55   55   29   29
 2.5777096876478383e+00   55   55   30   30
 2.4252277397347854e+00   55   55   31   31
 2.0022450021159366e+00   55   55   32   32
 1.7969850208382654e+00   55   55   33   33
 1.8406754179245748e+00   55   55   34   34
 2.1434404693350038e+00   55   55   35   35
 1.5739773138534368e+00   55   55   36   36
 1.7956865063661520e+00   55   55   37   37
 2.0471514880854427e+00   55   55   38   38
 1.9432353665513429e+00   55   55   39   39
 1.6701938455700343e+00   55   55   40   40
 1.5317347711983524e+00   55   55   41   41
 3.2436322440019465e+00   55   55   42   42
 3.2140614049507783e+00   55   55   43   43
 2.9796293766033757e+00   55   55   44   44
 3.3512228583776973e+00   55   55   45   45
 3.4920568790049438e+00   55   55   46   46
 1.5787989751096436e+00   55   55   47   47
 1.4526344057366636e+00   55   55   48   48
 1.2837581344495945e+00   55   55   49   49
 1.1116660511157670e+00   55   55   50   50
 1.3539005003957250e+00   55   55   51   51
 1.5799890323494126e+00   55   55   52   52
 1.1823673606144718e+00   55   55   53   53
 1.1929420823991830e+00   55   55   54   54
 9.6429912899999994e+00   55   55   55   55
 1.4385100394211474e+00   56   56    1    1
 1.5881177187048592e+00   56   56    2    2
 1.7921357003530594e+00   56   56    3    3
 1.4398054428005593e+00   56   56    4    4
 1.0560890373119884e+00   56   56    5    5
 1.0519014038602739e+00   56   56    6    6
 9.9073685120596411e-01   56   56    7    7
 9.3917504492854986e-01   56   56    8    8
 8.8327548317610582e-01   56   56    9    9
 9.4387073092818830e-01   56   56   10   10
 9.9571666432450201e-01   56   56   11   11
 8.4000968003267784e-01   56   56   12   12
 8.2200808560219640e-01   56   56   13   13
 7.8208331068802917e-01   56   56   14   14
 7.5984997833213697e-01   56   56   15   15
 7.7220600728665312e-01   56   56   16   16
 8.1051360608413281e-01   56   56   17   17
 8.6945726118714350e-01   56   56   18   18
 9.1813042959133451e-01   56   56   19   19
 8.9393612992403493e-01   56   56   20   20
 8.2831315434107733e-01   56   56   21   21
 7.9123722814628727e-01   56   56   22   22
 8.0873171784666675e-01   56   56   23   23
 2.4584861737209183e+00   56   56   24   24
 2.7052089492359084e+00   56   56   25   25
 3.4932500367192838e+00   56   56   26   26
 4.4792721981133132e+00   56   56   27   27
 3.4933512661953925e+00   56   56   28   28
 2.7051813287608284e+00   56   56   29   29
 1.7955849655581861e+00   56   56   30   30
 1.7876984306269297e+00   56   56   31   31
 1.5844542175282854e+00   56   56   32   32
 1.4400299948906194e+00   56   56   33   33
 1.4384101509155305e+00   56   56   34   34
 1.5837404970578020e+00   56   56   35   35
 1.1157356408389039e+00   56   56   36   36
 1.2265280260158251e+00   56   56   37   37
 1.2887388526515897e+00   56   56   38   38
 1.2107046757773239e+00   56   56   39   39
 1.1047987443279086e+00   56   56   40   40
 1.0665042178299999e+00   56   56   41   41
 1.7974836978489177e+00   56   56   42   42
 1.9940681033430736e+00   56   56   43   43
 1.5837286134704940e+00   56   56   44   44
 2.6370421415220244e+00   56   56   45   45
 2.0050092225578484e+00   56   56   46   46
 1.3275433622018111e+00   56   56   47   47
 1.1955342449904689e+00   56   56   48   48
 1.1571869102516978e+00   56   56   49   49
 9.7875698522941301e-01   56   56   50   50
 1.1116668437662174e+00   56   56   51   51
 1.3824063233261874e+00   56   56   52   52
 1.0882516276332792e+00   56   56   53   53
 1.0357336173015554e+00   56   56   54   54
 2.8482334537859226e+00   56   56   55   55
 9.6429912899999994e+00   56   56   56   56
 1.7897126442890829e+00   57   57    1    1
 2.0007027834010889e+00   57   57    2    2
 2.4220341772741847e+00   57   57    3    3
 1.8414394956874878e+00   57   57    4    4
 1.2235100992195365e+00   57   57    5    5
 1.2605467117022031e+00   57   57    6    6
 1.1739975129531823e+00   57   57    7    7
 1.0753284644491579e+00   57   57    8    8
 1.0034132156980942e+00   57   57    9    9
 1.0549707866858917e+00   57   57   10   10
 1.1147020395739895e+00   57   57   11   11
 9.7162524815940698e-01   57   57   12   12
 9.5322386044368324e-01   57   57   13   13
 9.1643551153409453e-01   57   57   14   14
 8.9743965355771782e-01   57   57   15   15
 9.1114260334661690e-01   57   57   16   16
 9.4710787629241477e-01   57   57   17   17
 9.6015634634974845e-01   57   57   18   18
 9.9625726051464947e-01   57   57   19   19
 9.4441132378191761e-01   57   57   20   20
 8.7143805435305788e-01   57   57   21   21
 8.4536983760440654e-01   57   57   22   22
 8.8254805196132446e-01   57   57   23   23
 3.4647085834847080e+00   57   57   24   24
 2.6940766897617583e+00   57   57   25   25
 2.4792206294391375e+00   57   57   26   26
 2.7175388256829902e+00   57   57   27   27
 3.5261568865982480e+00   57   57   28   28
 4.4734394844374838e+00   57   57   29   29
 3.2439219936574859e+00   57   57   30   30
 2.9381953692051535e+00   57   57   31   31
 2.5708808362636661e+00   57   57   32   32
 2.4512777051830423e+00   57   57   33   33
 2.5985207138073521e+00   57   57   34   34
 2.9840199831946972e+00   57   57   35   35
 1.2949120804662821e+00   57   57   36   36
 1.4659844579670003e+00   57   57   37   37
 1.5368105129380412e+00   57   57   38   38
 1.3906818169079185e+00   57   57   39   39
 1.2440462346173722e+00   57   57   40   40
 1.2079178874043182e+00   57   57   41   41
 2.5773535538483370e+00   57   57   42   42
 3.2130411793306299e+00   57   57   43   43
 2.1433089987503529e+00   57   57   44   44
 3.4862907610393830e+00   57   57   45   45
 2.6404081468744844e+00   57   57   46   46
 1.6109047685568285e+00   57   57   47   47
 1.2933344024863280e+00   57   57   48   48
 1.3161278256501998e+00   57   57   49   49
 1.1571844604694193e+00   57   57   50   50
 1.2837565938351509e+00   57   57   51   51
 1.5139397266029313e+00   57   57   52   52
 1.1167155019398660e+00   57   57   53   53
 1.1400450019498944e+00   57   57   54   54
 2.8005001170141477e+00   57   57   55   55
 2.8483846332089442e+00   57   57   56   56
 9.6429912899999994e+00   57   57   57   57
 1.7898541227255533e+00   58   58    1    1
 1.8410429403877011e+00   58   58    2    2
 2.1432651254362924e+00   58   58    3    3
 2.0025490896856324e+00   58   58    4    4
 1.1386298476879617e+00   58   58    5    5
 1.1342762475448176e+00   58   58    6    6
 1.0422050603251807e+00   58   58    7    7
 9.6846616079752368e-01   58   58    8    8
 8.9675598980685756e-01   58   58    9    9
 9.7358848180033153e-01   58   58   10   10
 1.0461596123509180e+00   58   58   11   11
 8.6526552211543029e-01   58   58   12   12
 8.3608515843848719e-01   58   58   13   13
 8.0445947478528490e-01   58   58   14   14
 7.9872594676707676e-01   58   58   15   15
 8.2261705759904902e-01   58   58   16   16
 8.5620620666912817e-01   58   58   17   17
 8.5838867969611565e-01   58   58   18   18
 8.8204901972340166e-01   58   58   19   19
 8.3948596453233471e-01   58   58   20   20
 7.8312293592787263e-01   58   58   21   21
 7.6488105072222112e-01   58   58   22   22
 7.9722828827231829e-01   58   58   23   23
 3.2426629832411624e+00   58   58   24   24
 2.9815348840473992e+00   58   58   25   25
 2.5968264834452599e+00   58   58   26   26
 2.4505278872845890e+00   58   58   27   27
 2.5704916821592780e+00   58   58   28   28
 2.9380738160189153e+00   58   58   29   29
 3.4661064682290643e+00   58   58   30   30
 4.4734949169706617e+00   58   58   31   31
 3.5251047378299152e+00   58   58   32   32
 2.7171395346837737e+00   58   58   33   33
 2.4793084471480529e+00   58   58   34   34
 2.6946925336793504e+00   58   58   35   35
 1.2426684896097362e+00   58   58   36   36
 1.3916921517496343e+00   58   58   37   37
 1.5367205647693098e+00   58   58   38   38
 1.4644299275683565e+00   58   58   39   39
 1.2942220957273911e+00   58   58   40   40
 1.2072350482781098e+00   58   58   41   41
 2.5797733501154281e+00   58   58   42   42
 3.2149202072807199e+00   58   58   43   43
 2.4263347462232532e+00   58   58   44   44
 2.6400770558036735e+00   58   58   45   45
 3.5002833756375504e+00   58   58   46   46
 1.3921646324171839e+00   58   58   47   47
 1.2124595112192027e+00   58   58   48   48
 1.1400451514157777e+00   58   58   49   49
 1.0357315784466317e+00   58   58   50   50
 1.1929408462637050e+00   58   58   51   51
 1.3196834076286166e+00   58   58   52   52
 1.0110587925886418e+00   58   58   53   53
 1.0445704788612764e+00   58   58   54   54
 3.4976632924551216e+00   58   58   55   55
 2.6217546526690674e+00   58   58   56   56
 3.3412511014944721e+00   58   58   57   57
 9.6429912899999994e+00   58   58   58   58
 1.4444468719798480e+00   59   59    1    1
 1.4436951641507252e+00   59   59    2    2
 1.5855848359838036e+00   59   59    3    3
 1.5947951986564173e+00   59   59    4    4
 1.0420677944710506e+00   59   59    5    5
 1.0692219141744419e+00   59   59    6    6
 9.9730525889332977e-01   59   59    7    7
 9.1725438921155378e-01   59   59    8    8
 8.5970428024680767e-01   59   59    9    9
 9.0224533572365895e-01   59   59   10   10
 9.5316305483280295e-01   59   59   11   11
 8.5210056344649721e-01   59   59   12   12
 8.3156240257437886e-01   59   59   13   13
 8.1734421312409244e-01   59   59   14   14
 8.2246106522014739e-01   59   59   15   15
 8.4185952654751428e-01   59   59   16   16
 8.5697968650670098e-01   59   59   17   17
 8.1059130722274997e-01   59   59   18   18
 8.1666420047133159e-01   59   59   19   19
 7.7030015427903176e-01   59   59   20   20
 7.2520749698431031e-01   59   59   21   21
 7.1915945730425301e-01   59   59   22   22
 7.5681492370259318e-01   59   59   23   23
 1.7951817448192102e+00   59   59   24   24
 1.5830476225041099e+00   59   59   25   25
 1.4379400972706129e+00   59   59   26   26
 1.4398535004153457e+00   59   59   27   27
 1.5844498884008393e+00   59   59   28   28
 1.7877435771244523e+00   59   59   29   29
 2.4587376464804169e+00   59   59   30   30
 2.7050405201955288e+00   59   59   31   31
 3.4928658785975104e+00   59   59   32   32
 4.4791210090446700e+00   59   59   33   33
 3.4935279639853780e+00   59   59   34   34
 2.7052670907259211e+00   59   59   35   35
 1.1097306462812440e+00   59   59   36   36
 1.2176653889982645e+00   59   59   37   37
 1.2953690568177596e+00   59   59   38   38
 1.2319450327200212e+00   59   59   39   39
 1.1212803271075542e+00   59   59   40   40
 1.0714546889561793e+00   59   59   41   41
 1.7992769385518572e+00   59   59   42   42
 1.9939288725786839e+00   59   59   43   43
 1.7968368347542503e+00   59   59   44   44
 2.0031868720126806e+00   59   59   45   45
 2.6391791954766739e+00   59   59   46   46
 1.3770382536049997e+00   59   59   47   47
 1.1215579757965637e+00   59   59   48   48
 1.1167138325267230e+00   59   59   49   49
 1.0882472617355146e+00   59   59   50   50
 1.1823642637925988e+00   59   59   51   51
 1.2095328318349345e+00   59   59   52   52
 9.3152296643883736e-01   59   59   53   53
 1.0110571421090491e+00   59   59   54   54
 2.0075767307220720e+00   59   59   55   55
 1.7028114398426073e+00   59   59   56   56
 2.6221228353923851e+00   59   59   57   57
 2.8475577322537169e+00   59   59   58   58
 9.6429912899999994e+00   59   59   59   59
 2.4542479814808815e+00   60   60    1    1
 2.6106585545197487e+00   60   60    2    2
 2.9888491608122645e+00   60   60    3    3
 2.5824268893633291e+00   60   60    4    4
 1.5613384924030707e+00   60   60    5    5
 1.6397018641296697e+00   60   60    6    6
 1.4827171292265684e+00   60   60    7    7
 1.3147496637566709e+00   60   60    8    8
 1.2011578959834570e+00   60   60    9    9
 1.2789585927540763e+00   60   60   10   10
 1.3712836595075220e+00   60   60   11   11
 1.1724941124806025e+00   60   60   12   12
 1.1330186232622870e+00   60   60   13   13
 1.0910503138235208e+00   60   60   14   14
 1.0845173512699766e+00   60   60   15   15
 1.1172429533622605e+00   60   60   16   16
 1.1619297346188993e+00   60   60   17   17
 1.1159807794636263e+00   60   60   18   18
 1.1356430395687269e+00   60   60   19   19
 1.0502587311337637e+00   60   60   20   20
 9.6690706984970642e-01   60   60   21   21
 9.5199788418472586e-01   60   60   22   22
 1.0144834455449225e+00   60   60   23   23
 2.5805349516645553e+00   60   60   24   24
 2.1448449739486386e+00   60   60   25   25
 1.8420147803100688e+00   60   60   26   26
 1.7986448501427186e+00   60   60   27   27
 2.0046700050798387e+00   60   60   28   28
 2.4285469333562286e+00   60   60   29   29
 3.4652220732296266e+00   60   60   30   30
 2.6945605797057124e+00   60   60   31   31
 2.4792277935480831e+00   60   60   32   32
 2.7172418966823888e+00   60   60   33   33
 3.5254295248863263e+00   60   60   34   34
 4.4734175570630752e+00   60   60   35   35
 1.6803340322612690e+00   60   60   36   36
 1.9586102579819400e+00   60   60   37   37
 2.0609153756854890e+00   60   60   38   38
 1.8040884175667291e+00   60   60   39   39
 1.5841816590512894e+00   60   60   40   40
 1.5402083448142418e+00   60   60   41   41
 3.2463803028838516e+00   60   60   42   42
 3.2149732105454931e+00   60   60   43   43
 2.9436427140485453e+00   60   60   44   44
 3.4911651178831713e+00   60   60   45   45
 3.3402578677474350e+00   60   60   46   46
 2.0194311110648657e+00   60   60   47   47
 1.5154225948922637e+00   60   60   48   48
 1.5139378545528255e+00   60   60   49   49
 1.3824015918911150e+00   60   60   50   50
 1.5799847917342589e+00   60   60   51   51
 1.7236375116284086e+00   60   60   52   52
 1.2095329242596267e+00   60   60   53   53
 1.3196814392655589e+00   60   60   54   54
 2.6404149275995437e+00   60   60   55   55
 2.0091921237632864e+00   60   60   56   56
 3.5018216304683398e+00   60   60   57   57
 2.8015151348884184e+00   60   60   58   58
 2.8480446029842179e+00   60   60   59   59
 9.6429912899999994e+00   60   60   60   60
-1.2175995459573272e+02    1    1    0    0
-2.0738249130910238e+00    2    1    0    0
-1.2313963148051035e+02    2    2    0    0
-2.1195974553043375e+00    3    2    0    0
-1.2689967127216188e+02    3    3    0    0
-2.0738930323414904e+00    4    1    0    0
-1.1892237725121014e+02    4    4    0    0
-1.2175994776835562e+02    5    5    0    0
-2.0738247842863577e+00    6    5    0    0
-1.2313960613385014e+02    6    6    0    0
-2.1195973845160339e+00    7    6    0    0
-1.2689965164425267e+02    7    7    0    0
-2.0234669869738044e+00    8    7    0    0
-1.2918147211526380e+02    8    8    0    0
-1.2634700115628132e+00    9    8    0    0
-1.2844885973826621e+02    9    9    0    0
-2.0237700736656330e+00   10    8    0    0
-1.2377727347534059e+02   10   10    0    0
-2.0738930331338858e+00   11    5    0    0
-2.1200702272276173e+00   11   10    0    0
-1.1892238382318799e+02   11   11    0    0
-1.2582301157636346e+00   12    9    0    0
-1.2415107665491553e+02   12   12    0    0
-2.0219511872794778e+00   13   12    0    0
-1.1696493200694071e+02   13   13    0    0
-2.1117401517764902e+00   14   13    0    0
-1.0678137037150563e+02   14   14    0    0
-2.1036309068774002e+00   15   14    0    0
-1.0467948464632821e+02   15   15    0    0
-2.1035366223442535e+00   16   15    0    0
-1.0757692404143643e+02   16   16    0    0
-2.0209988521801097e+00   17   12    0    0
-2.1120663288592518e+00   17   16    0    0
-1.1791112971701513e+02   17   17    0    0
-1.2487927638383833e+00   18    9    0    0
-1.2393642643016143e+02   18   18    0    0
-2.0228145169299645e+00   19   18    0    0
-1.1915591979346169e+02   19   19    0    0
-2.1117881591640257e+00   20   19    0    0
-1.0843334626808765e+02   20   20    0    0
-2.1034828498379534e+00   21   20    0    0
-1.0417793936722630e+02   21   21    0    0
-2.1031431799152656e+00   22   21    0    0
-1.0526881682860926e+02   22   22    0    0
-2.0240614807313890e+00   23   18    0    0
-2.1116346897269334e+00   23   22    0    0
-1.1542229622486624e+02   23   23    0    0
-1.2415109442000590e+02   24   24    0    0
-2.0209987447644249e+00   25   24    0    0
-1.1791117218333378e+02   25   25    0    0
-2.1120663925139103e+00   26   25    0    0
-1.0757697720207643e+02   26   26    0    0
-2.1035367246826766e+00   27   26    0    0
-1.0467952991935543e+02   27   27    0    0
-2.1036308894317761e+00   28   27    0    0
-1.0678139691809623e+02   28   28    0    0
-2.0219511146384939e+00   29   24    0    0
-2.1117401151805879e+00   29   28    0    0
-1.1696494234335319e+02   29   29    0    0
-1.2393640529949268e+02   30   30    0    0
-2.0240616573158712e+00   31   30    0    0
-1.1542227855670896e+02   31   31    0    0
-2.1116347050121127e+00   32   31    0    0
-1.0526879108412490e+02   32   32    0    0
-2.1031433029602549e+00   33   32    0    0
-1.0417790004052652e+02   33   33    0    0
-2.1034829500935182e+00   34   33    0    0
-1.0843329481937421e+02   34   34    0    0
-2.0228145638331672e+00   35   30    0    0
-2.1117881308595221e+00   35   34    0    0
-1.1915587569572608e+02   35   35    0    0
-1.4824260193666199e+00   36    5    0    0
-1.1807940959474134e+02   36   36    0    0
-2.0720192683928786e+00   37   36    0    0
-1.1940092330887514e+02   37   37    0    0
-1.4824295975190553e+00   38    1    0    0
-2.0720191878647500e+00   38   37    0    0
-1.1807941426341036e+02   38   38    0    0
-2.0625564380888224e+00   39   38    0    0
-1.0921877473417871e+02   39   39    0    0
-2.1041188684966734e+00   40   39    0    0
-1.0439479172715704e+02   40   40    0    0
-2.0625563654275751e+00   41   36    0    0
-2.1041188007752951e+00   41   40    0    0
-1.0921876698924437e+02   41   41    0    0
-2.0234670053606258e+00   42    3    0    0
-1.2918147582574775e+02   42   42    0    0
-1.2582298403079204e+00   43   24    0    0
-1.2487908078946470e+00   43   30    0    0
-1.2634728926878334e+00   43   42    0    0
-1.2844885927307550e+02   43   43    0    0
-2.1200701965723932e+00   44    4    0    0
-2.0237701903503305e+00   44   42    0    0
-1.2377726863762094e+02   44   44    0    0
-2.0566695613608474e+00   45    3    0    0
-1.6524627440683676e+02   45   45    0    0
-2.0565485847935268e+00   46   44    0    0
-1.5708520003379888e+02   46   46    0    0
-2.0566695586954853e+00   47    7    0    0
-1.6524622610629154e+02   47   47    0    0
-2.0565486441205314e+00   48   10    0    0
-1.5708520969617749e+02   48   48    0    0
-2.0632380980493505e+00   49   13    0    0
-1.5295479872609326e+02   49   49    0    0
-2.0767747206860139e+00   50   15    0    0
-1.2660338480329509e+02   50   50    0    0
-2.0629768538688351e+00   51   17    0    0
-1.5578359001369691e+02   51   51    0    0
-2.0631871045793835e+00   52   19    0    0
-1.6179795857387060e+02   52   52    0    0
-2.0764231709745093e+00   53   21    0    0
-1.2578355600680510e+02   53   53    0    0
-2.0633664198990735e+00   54   23    0    0
-1.4891246303293059e+02   54   54    0    0
-2.0629768187695321e+00   55   25    0    0
-1.5578365368922334e+02   55   55    0    0
-2.0767747553546072e+00   56   27    0    0
-1.2660345891160523e+02   56   56    0    0
-2.0632380229757068e+00   57   29    0    0
-1.5295477725574449e+02   57   57    0    0
-2.0633664218230159e+00   58   31    0    0
-1.4891245668794295e+02   58   58    0    0
-2.0764231990873534e+00   59   33    0    0
-1.2578349555508498e+02   59   59    0    0
-2.0631872337393204e+00   60   35    0    0
-1.6179786086620314e+02   60   60    0    0
 5.2825826606280643e+03    0    0    0    0
