# wavelength_nm  intensity
200.000000 0.009136
200.500000 0.009268
201.000000 0.009403
201.500000 0.009540
202.000000 0.009680
202.500000 0.009822
203.000000 0.009966
203.500000 0.010114
204.000000 0.010264
204.500000 0.010417
205.000000 0.010573
205.500000 0.010731
206.000000 0.010893
206.500000 0.011058
207.000000 0.011225
207.500000 0.011397
208.000000 0.011571
208.500000 0.011749
209.000000 0.011930
209.500000 0.012115
210.000000 0.012304
210.500000 0.012496
211.000000 0.012692
211.500000 0.012892
212.000000 0.013097
212.500000 0.013305
213.000000 0.013518
213.500000 0.013735
214.000000 0.013957
214.500000 0.014183
215.000000 0.014414
215.500000 0.014651
216.000000 0.014892
216.500000 0.015139
217.000000 0.015391
217.500000 0.015648
218.000000 0.015911
218.500000 0.016180
219.000000 0.016456
219.500000 0.016737
220.000000 0.017025
220.500000 0.017320
221.000000 0.017621
221.500000 0.017930
222.000000 0.018246
222.500000 0.018569
223.000000 0.018900
223.500000 0.019240
224.000000 0.019587
224.500000 0.019944
225.000000 0.020309
225.500000 0.020683
226.000000 0.021067
226.500000 0.021460
227.000000 0.021864
227.500000 0.022278
228.000000 0.022704
228.500000 0.023140
229.000000 0.023589
229.500000 0.024049
230.000000 0.024522
230.500000 0.025008
231.000000 0.025508
231.500000 0.026021
232.000000 0.026550
232.500000 0.027093
233.000000 0.027653
233.500000 0.028228
234.000000 0.028821
234.500000 0.029432
235.000000 0.030061
235.500000 0.030710
236.000000 0.031378
236.500000 0.032068
237.000000 0.032779
237.500000 0.033513
238.000000 0.034271
238.500000 0.035054
239.000000 0.035863
239.500000 0.036699
240.000000 0.037563
240.500000 0.038457
241.000000 0.039383
241.500000 0.040341
242.000000 0.041333
242.500000 0.042361
243.000000 0.043427
243.500000 0.044532
244.000000 0.045679
244.500000 0.046870
245.000000 0.048107
245.500000 0.049392
246.000000 0.050728
246.500000 0.052118
247.000000 0.053565
247.500000 0.055072
248.000000 0.056642
248.500000 0.058279
249.000000 0.059987
249.500000 0.061770
250.000000 0.063632
250.500000 0.065579
251.000000 0.067615
251.500000 0.069747
252.000000 0.071979
252.500000 0.074319
253.000000 0.076773
253.500000 0.079349
254.000000 0.082056
254.500000 0.084901
255.000000 0.087895
255.500000 0.091048
256.000000 0.094370
256.500000 0.097874
257.000000 0.101574
257.500000 0.105482
258.000000 0.109615
258.500000 0.113990
259.000000 0.118624
259.500000 0.123536
260.000000 0.128749
260.500000 0.134286
261.000000 0.140170
261.500000 0.146428
262.000000 0.153090
262.500000 0.160186
263.000000 0.167749
263.500000 0.175813
264.000000 0.184414
264.500000 0.193591
265.000000 0.203383
265.500000 0.213827
266.000000 0.224965
266.500000 0.236831
267.000000 0.249461
267.500000 0.262883
268.000000 0.277119
268.500000 0.292180
269.000000 0.308065
269.500000 0.324755
270.000000 0.342213
270.500000 0.360381
271.000000 0.379173
271.500000 0.398481
272.000000 0.418171
272.500000 0.438089
273.000000 0.458064
273.500000 0.477914
274.000000 0.497462
274.500000 0.516538
275.000000 0.534999
275.500000 0.552730
276.000000 0.569661
276.500000 0.585766
277.000000 0.601066
277.500000 0.615618
278.000000 0.629510
278.500000 0.642844
279.000000 0.655712
279.500000 0.668185
280.000000 0.680287
280.500000 0.691986
281.000000 0.703180
281.500000 0.713702
282.000000 0.723318
282.500000 0.731745
283.000000 0.738668
283.500000 0.743770
284.000000 0.746755
284.500000 0.747381
285.000000 0.745477
285.500000 0.740969
286.000000 0.733877
286.500000 0.724322
287.000000 0.712507
287.500000 0.698705
288.000000 0.683234
288.500000 0.666432
289.000000 0.648641
289.500000 0.630188
290.000000 0.611370
290.500000 0.592450
291.000000 0.573651
291.500000 0.555159
292.000000 0.537122
292.500000 0.519658
293.000000 0.502855
293.500000 0.486782
294.000000 0.471484
294.500000 0.456996
295.000000 0.443338
295.500000 0.430524
296.000000 0.418559
296.500000 0.407442
297.000000 0.397168
297.500000 0.387730
298.000000 0.379115
298.500000 0.371309
299.000000 0.364295
299.500000 0.358052
300.000000 0.352558
300.500000 0.347788
301.000000 0.343713
301.500000 0.340303
302.000000 0.337522
302.500000 0.335334
303.000000 0.333697
303.500000 0.332567
304.000000 0.331894
304.500000 0.331625
305.000000 0.331705
305.500000 0.332072
306.000000 0.332663
306.500000 0.333413
307.000000 0.334255
307.500000 0.335121
308.000000 0.335948
308.500000 0.336673
309.000000 0.337239
309.500000 0.337596
310.000000 0.337703
310.500000 0.337528
311.000000 0.337049
311.500000 0.336257
312.000000 0.335153
312.500000 0.333752
313.000000 0.332075
313.500000 0.330154
314.000000 0.328029
314.500000 0.325741
315.000000 0.323340
315.500000 0.320874
316.000000 0.318391
316.500000 0.315938
317.000000 0.313559
317.500000 0.311294
318.000000 0.309178
318.500000 0.307242
319.000000 0.305510
319.500000 0.303998
320.000000 0.302720
320.500000 0.301679
321.000000 0.300874
321.500000 0.300296
322.000000 0.299930
322.500000 0.299755
323.000000 0.299743
323.500000 0.299864
324.000000 0.300079
324.500000 0.300349
325.000000 0.300632
325.500000 0.300884
326.000000 0.301063
326.500000 0.301128
327.000000 0.301042
327.500000 0.300773
328.000000 0.300297
328.500000 0.299596
329.000000 0.298660
329.500000 0.297488
330.000000 0.296086
330.500000 0.294470
331.000000 0.292660
331.500000 0.290683
332.000000 0.288570
332.500000 0.286354
333.000000 0.284070
333.500000 0.281753
334.000000 0.279439
334.500000 0.277159
335.000000 0.274944
335.500000 0.272823
336.000000 0.270820
336.500000 0.268957
337.000000 0.267253
337.500000 0.265725
338.000000 0.264386
338.500000 0.263249
339.000000 0.262321
339.500000 0.261613
340.000000 0.261129
340.500000 0.260875
341.000000 0.260856
341.500000 0.261076
342.000000 0.261536
342.500000 0.262241
343.000000 0.263193
343.500000 0.264394
344.000000 0.265845
344.500000 0.267551
345.000000 0.269512
345.500000 0.271731
346.000000 0.274212
346.500000 0.276957
347.000000 0.279969
347.500000 0.283252
348.000000 0.286811
348.500000 0.290648
349.000000 0.294770
349.500000 0.299182
350.000000 0.303889
350.500000 0.308896
351.000000 0.314212
351.500000 0.319842
352.000000 0.325794
352.500000 0.332075
353.000000 0.338693
353.500000 0.345657
354.000000 0.352975
354.500000 0.360654
355.000000 0.368704
355.500000 0.377133
356.000000 0.385948
356.500000 0.395158
357.000000 0.404770
357.500000 0.414789
358.000000 0.425222
358.500000 0.436072
359.000000 0.447342
359.500000 0.459034
360.000000 0.471147
360.500000 0.483677
361.000000 0.496618
361.500000 0.509963
362.000000 0.523698
362.500000 0.537808
363.000000 0.552274
363.500000 0.567072
364.000000 0.582172
364.500000 0.597544
365.000000 0.613148
365.500000 0.628943
366.000000 0.644882
366.500000 0.660913
367.000000 0.676983
367.500000 0.693032
368.000000 0.709001
368.500000 0.724827
369.000000 0.740447
369.500000 0.755800
370.000000 0.770823
370.500000 0.785459
371.000000 0.799655
371.500000 0.813360
372.000000 0.826532
372.500000 0.839135
373.000000 0.851138
373.500000 0.862522
374.000000 0.873271
374.500000 0.883378
375.000000 0.892845
375.500000 0.901677
376.000000 0.909888
376.500000 0.917495
377.000000 0.924518
377.500000 0.930983
378.000000 0.936917
378.500000 0.942346
379.000000 0.947301
379.500000 0.951811
380.000000 0.955905
380.500000 0.959612
381.000000 0.962960
381.500000 0.965976
382.000000 0.968685
382.500000 0.971114
383.000000 0.973284
383.500000 0.975220
384.000000 0.976942
384.500000 0.978469
385.000000 0.979820
385.500000 0.981012
386.000000 0.982060
386.500000 0.982977
387.000000 0.983776
387.500000 0.984466
388.000000 0.985055
388.500000 0.985549
389.000000 0.985954
389.500000 0.986270
390.000000 0.986500
390.500000 0.986641
391.000000 0.986691
391.500000 0.986645
392.000000 0.986499
392.500000 0.986246
393.000000 0.985877
393.500000 0.985385
394.000000 0.984760
394.500000 0.983993
395.000000 0.983073
395.500000 0.981990
396.000000 0.980732
396.500000 0.979287
397.000000 0.977644
397.500000 0.975788
398.000000 0.973707
398.500000 0.971385
399.000000 0.968807
399.500000 0.965958
400.000000 0.962819
400.500000 0.959374
401.000000 0.955604
401.500000 0.951492
402.000000 0.947017
402.500000 0.942163
403.000000 0.936912
403.500000 0.931249
404.000000 0.925157
404.500000 0.918626
405.000000 0.911644
405.500000 0.904204
406.000000 0.896302
406.500000 0.887938
407.000000 0.879113
407.500000 0.869834
408.000000 0.860112
408.500000 0.849961
409.000000 0.839398
409.500000 0.828444
410.000000 0.817125
410.500000 0.805467
411.000000 0.793499
411.500000 0.781254
412.000000 0.768765
412.500000 0.756065
413.000000 0.743190
413.500000 0.730174
414.000000 0.717053
414.500000 0.703860
415.000000 0.690628
415.500000 0.677389
416.000000 0.664173
416.500000 0.651008
417.000000 0.637921
417.500000 0.624935
418.000000 0.612074
418.500000 0.599357
419.000000 0.586801
419.500000 0.574424
420.000000 0.562238
420.500000 0.550255
421.000000 0.538486
421.500000 0.526938
422.000000 0.515619
422.500000 0.504534
423.000000 0.493687
423.500000 0.483080
424.000000 0.472715
424.500000 0.462593
425.000000 0.452713
425.500000 0.443075
426.000000 0.433677
426.500000 0.424516
427.000000 0.415590
427.500000 0.406896
428.000000 0.398430
428.500000 0.390189
429.000000 0.382167
429.500000 0.374362
430.000000 0.366768
430.500000 0.359381
431.000000 0.352195
431.500000 0.345208
432.000000 0.338413
432.500000 0.331805
433.000000 0.325381
433.500000 0.319135
434.000000 0.313062
434.500000 0.307158
435.000000 0.301418
435.500000 0.295837
436.000000 0.290412
436.500000 0.285136
437.000000 0.280007
437.500000 0.275020
438.000000 0.270170
438.500000 0.265454
439.000000 0.260868
439.500000 0.256407
440.000000 0.252069
440.500000 0.247848
441.000000 0.243743
441.500000 0.239748
442.000000 0.235861
442.500000 0.232079
443.000000 0.228399
443.500000 0.224816
444.000000 0.221329
444.500000 0.217935
445.000000 0.214630
445.500000 0.211411
446.000000 0.208277
446.500000 0.205225
447.000000 0.202252
447.500000 0.199356
448.000000 0.196534
448.500000 0.193784
449.000000 0.191105
449.500000 0.188493
450.000000 0.185947
450.500000 0.183464
451.000000 0.181044
451.500000 0.178683
452.000000 0.176381
452.500000 0.174135
453.000000 0.171943
453.500000 0.169804
454.000000 0.167716
454.500000 0.165678
455.000000 0.163688
455.500000 0.161743
456.000000 0.159844
456.500000 0.157988
457.000000 0.156174
457.500000 0.154400
458.000000 0.152665
458.500000 0.150967
459.000000 0.149306
459.500000 0.147680
460.000000 0.146087
460.500000 0.144526
461.000000 0.142997
461.500000 0.141497
462.000000 0.140026
462.500000 0.138583
463.000000 0.137166
463.500000 0.135774
464.000000 0.134406
464.500000 0.133062
465.000000 0.131740
465.500000 0.130439
466.000000 0.129159
466.500000 0.127898
467.000000 0.126656
467.500000 0.125432
468.000000 0.124225
468.500000 0.123035
469.000000 0.121860
469.500000 0.120701
470.000000 0.119557
470.500000 0.118428
471.000000 0.117312
471.500000 0.116209
472.000000 0.115120
472.500000 0.114044
473.000000 0.112980
473.500000 0.111928
474.000000 0.110889
474.500000 0.109861
475.000000 0.108846
475.500000 0.107841
476.000000 0.106849
476.500000 0.105867
477.000000 0.104897
477.500000 0.103938
478.000000 0.102991
478.500000 0.102054
479.000000 0.101129
479.500000 0.100215
480.000000 0.099312
480.500000 0.098420
481.000000 0.097539
481.500000 0.096669
482.000000 0.095810
482.500000 0.094962
483.000000 0.094125
483.500000 0.093299
484.000000 0.092484
484.500000 0.091679
485.000000 0.090885
485.500000 0.090102
486.000000 0.089329
486.500000 0.088567
487.000000 0.087816
487.500000 0.087074
488.000000 0.086343
488.500000 0.085622
489.000000 0.084911
489.500000 0.084210
490.000000 0.083519
490.500000 0.082837
491.000000 0.082165
491.500000 0.081502
492.000000 0.080849
492.500000 0.080205
493.000000 0.079570
493.500000 0.078944
494.000000 0.078327
494.500000 0.077719
495.000000 0.077119
495.500000 0.076527
496.000000 0.075944
496.500000 0.075370
497.000000 0.074803
497.500000 0.074244
498.000000 0.073693
498.500000 0.073149
499.000000 0.072614
499.500000 0.072085
500.000000 0.071564
500.500000 0.071051
501.000000 0.070544
501.500000 0.070044
502.000000 0.069551
502.500000 0.069065
503.000000 0.068586
503.500000 0.068113
504.000000 0.067647
504.500000 0.067187
505.000000 0.066733
505.500000 0.066285
506.000000 0.065844
506.500000 0.065408
507.000000 0.064978
507.500000 0.064554
508.000000 0.064136
508.500000 0.063723
509.000000 0.063315
509.500000 0.062913
510.000000 0.062516
510.500000 0.062125
511.000000 0.061738
511.500000 0.061357
512.000000 0.060980
512.500000 0.060609
513.000000 0.060242
513.500000 0.059880
514.000000 0.059522
514.500000 0.059169
515.000000 0.058821
515.500000 0.058477
516.000000 0.058137
516.500000 0.057802
517.000000 0.057470
517.500000 0.057143
518.000000 0.056820
518.500000 0.056501
519.000000 0.056186
519.500000 0.055875
520.000000 0.055567
520.500000 0.055263
521.000000 0.054963
521.500000 0.054667
522.000000 0.054374
522.500000 0.054084
523.000000 0.053798
523.500000 0.053515
524.000000 0.053236
524.500000 0.052960
525.000000 0.052687
525.500000 0.052417
526.000000 0.052150
526.500000 0.051887
527.000000 0.051626
527.500000 0.051369
528.000000 0.051114
528.500000 0.050862
529.000000 0.050613
529.500000 0.050367
530.000000 0.050123
530.500000 0.049882
531.000000 0.049644
531.500000 0.049408
532.000000 0.049175
532.500000 0.048945
533.000000 0.048717
533.500000 0.048491
534.000000 0.048268
534.500000 0.048047
535.000000 0.047828
535.500000 0.047612
536.000000 0.047398
536.500000 0.047186
537.000000 0.046977
537.500000 0.046769
538.000000 0.046564
538.500000 0.046361
539.000000 0.046160
539.500000 0.045961
540.000000 0.045764
540.500000 0.045569
541.000000 0.045376
541.500000 0.045184
542.000000 0.044995
542.500000 0.044808
543.000000 0.044622
543.500000 0.044438
544.000000 0.044256
544.500000 0.044076
545.000000 0.043897
545.500000 0.043720
546.000000 0.043545
546.500000 0.043371
547.000000 0.043199
547.500000 0.043028
548.000000 0.042860
548.500000 0.042692
549.000000 0.042526
549.500000 0.042362
550.000000 0.042199
550.500000 0.042037
551.000000 0.041877
551.500000 0.041718
552.000000 0.041560
552.500000 0.041404
553.000000 0.041249
553.500000 0.041096
554.000000 0.040943
554.500000 0.040792
555.000000 0.040642
555.500000 0.040494
556.000000 0.040346
556.500000 0.040200
557.000000 0.040055
557.500000 0.039911
558.000000 0.039768
558.500000 0.039627
559.000000 0.039486
559.500000 0.039347
560.000000 0.039208
560.500000 0.039071
561.000000 0.038935
561.500000 0.038800
562.000000 0.038667
562.500000 0.038534
563.000000 0.038402
563.500000 0.038272
564.000000 0.038142
564.500000 0.038014
565.000000 0.037886
565.500000 0.037760
566.000000 0.037635
566.500000 0.037511
567.000000 0.037388
567.500000 0.037266
568.000000 0.037145
568.500000 0.037025
569.000000 0.036907
569.500000 0.036789
570.000000 0.036673
570.500000 0.036558
571.000000 0.036443
571.500000 0.036330
572.000000 0.036218
572.500000 0.036107
573.000000 0.035998
573.500000 0.035889
574.000000 0.035781
574.500000 0.035675
575.000000 0.035570
575.500000 0.035466
576.000000 0.035363
576.500000 0.035261
577.000000 0.035160
577.500000 0.035060
578.000000 0.034962
578.500000 0.034864
579.000000 0.034768
579.500000 0.034673
580.000000 0.034579
580.500000 0.034486
581.000000 0.034395
581.500000 0.034304
582.000000 0.034215
582.500000 0.034126
583.000000 0.034039
583.500000 0.033953
584.000000 0.033868
584.500000 0.033784
585.000000 0.033702
585.500000 0.033620
586.000000 0.033540
586.500000 0.033460
587.000000 0.033382
587.500000 0.033305
588.000000 0.033229
588.500000 0.033154
589.000000 0.033080
589.500000 0.033007
590.000000 0.032935
590.500000 0.032865
591.000000 0.032795
591.500000 0.032727
592.000000 0.032659
592.500000 0.032593
593.000000 0.032528
593.500000 0.032463
594.000000 0.032400
594.500000 0.032338
595.000000 0.032277
595.500000 0.032216
596.000000 0.032157
596.500000 0.032099
597.000000 0.032042
597.500000 0.031985
598.000000 0.031930
598.500000 0.031875
599.000000 0.031822
599.500000 0.031769
600.000000 0.031718
600.500000 0.031667
601.000000 0.031617
601.500000 0.031568
602.000000 0.031520
602.500000 0.031472
603.000000 0.031426
603.500000 0.031380
604.000000 0.031335
604.500000 0.031291
605.000000 0.031247
605.500000 0.031205
606.000000 0.031163
606.500000 0.031121
607.000000 0.031080
607.500000 0.031040
608.000000 0.031001
608.500000 0.030962
609.000000 0.030924
609.500000 0.030886
610.000000 0.030849
610.500000 0.030812
611.000000 0.030776
611.500000 0.030740
612.000000 0.030704
612.500000 0.030669
613.000000 0.030634
613.500000 0.030600
614.000000 0.030565
614.500000 0.030531
615.000000 0.030498
615.500000 0.030464
616.000000 0.030431
616.500000 0.030397
617.000000 0.030364
617.500000 0.030331
618.000000 0.030298
618.500000 0.030264
619.000000 0.030231
619.500000 0.030198
620.000000 0.030164
620.500000 0.030130
621.000000 0.030096
621.500000 0.030062
622.000000 0.030028
622.500000 0.029993
623.000000 0.029958
623.500000 0.029922
624.000000 0.029886
624.500000 0.029850
625.000000 0.029813
625.500000 0.029776
626.000000 0.029738
626.500000 0.029700
627.000000 0.029660
627.500000 0.029621
628.000000 0.029580
628.500000 0.029539
629.000000 0.029498
629.500000 0.029455
630.000000 0.029412
630.500000 0.029368
631.000000 0.029323
631.500000 0.029277
632.000000 0.029231
632.500000 0.029184
633.000000 0.029136
633.500000 0.029087
634.000000 0.029037
634.500000 0.028986
635.000000 0.028934
635.500000 0.028882
636.000000 0.028828
636.500000 0.028774
637.000000 0.028719
637.500000 0.028663
638.000000 0.028606
638.500000 0.028548
639.000000 0.028489
639.500000 0.028429
640.000000 0.028369
640.500000 0.028307
641.000000 0.028245
641.500000 0.028182
642.000000 0.028118
642.500000 0.028053
643.000000 0.027988
643.500000 0.027922
644.000000 0.027855
644.500000 0.027787
645.000000 0.027719
645.500000 0.027650
646.000000 0.027580
646.500000 0.027510
647.000000 0.027439
647.500000 0.027367
648.000000 0.027295
648.500000 0.027223
649.000000 0.027150
649.500000 0.027076
650.000000 0.027002
650.500000 0.026928
651.000000 0.026853
651.500000 0.026778
652.000000 0.026702
652.500000 0.026626
653.000000 0.026550
653.500000 0.026474
654.000000 0.026397
654.500000 0.026320
655.000000 0.026243
655.500000 0.026166
656.000000 0.026089
656.500000 0.026011
657.000000 0.025934
657.500000 0.025856
658.000000 0.025779
658.500000 0.025701
659.000000 0.025624
659.500000 0.025546
660.000000 0.025469
660.500000 0.025391
661.000000 0.025314
661.500000 0.025237
662.000000 0.025160
662.500000 0.025083
663.000000 0.025006
663.500000 0.024929
664.000000 0.024853
664.500000 0.024777
665.000000 0.024701
665.500000 0.024625
666.000000 0.024550
666.500000 0.024474
667.000000 0.024400
667.500000 0.024325
668.000000 0.024251
668.500000 0.024177
669.000000 0.024103
669.500000 0.024030
670.000000 0.023957
670.500000 0.023884
671.000000 0.023812
671.500000 0.023740
672.000000 0.023668
672.500000 0.023597
673.000000 0.023526
673.500000 0.023456
674.000000 0.023386
674.500000 0.023316
675.000000 0.023247
675.500000 0.023179
676.000000 0.023110
676.500000 0.023042
677.000000 0.022975
677.500000 0.022908
678.000000 0.022841
678.500000 0.022775
679.000000 0.022709
679.500000 0.022643
680.000000 0.022578
680.500000 0.022514
681.000000 0.022450
681.500000 0.022386
682.000000 0.022323
682.500000 0.022260
683.000000 0.022197
683.500000 0.022135
684.000000 0.022074
684.500000 0.022013
685.000000 0.021952
685.500000 0.021892
686.000000 0.021832
686.500000 0.021772
687.000000 0.021713
687.500000 0.021655
688.000000 0.021597
688.500000 0.021539
689.000000 0.021481
689.500000 0.021424
690.000000 0.021368
690.500000 0.021312
691.000000 0.021256
691.500000 0.021200
692.000000 0.021145
692.500000 0.021091
693.000000 0.021036
693.500000 0.020983
694.000000 0.020929
694.500000 0.020876
695.000000 0.020823
695.500000 0.020771
696.000000 0.020719
696.500000 0.020667
697.000000 0.020616
697.500000 0.020565
698.000000 0.020515
698.500000 0.020465
699.000000 0.020415
699.500000 0.020365
700.000000 0.020316
700.500000 0.020268
701.000000 0.020219
701.500000 0.020171
702.000000 0.020123
702.500000 0.020076
703.000000 0.020029
703.500000 0.019982
704.000000 0.019935
704.500000 0.019889
705.000000 0.019843
705.500000 0.019798
706.000000 0.019753
706.500000 0.019708
707.000000 0.019663
707.500000 0.019619
708.000000 0.019575
708.500000 0.019531
709.000000 0.019488
709.500000 0.019444
710.000000 0.019402
710.500000 0.019359
711.000000 0.019317
711.500000 0.019275
712.000000 0.019233
712.500000 0.019191
713.000000 0.019150
713.500000 0.019109
714.000000 0.019069
714.500000 0.019028
715.000000 0.018988
715.500000 0.018948
716.000000 0.018908
716.500000 0.018869
717.000000 0.018830
717.500000 0.018791
718.000000 0.018752
718.500000 0.018714
719.000000 0.018676
719.500000 0.018638
720.000000 0.018600
720.500000 0.018562
721.000000 0.018525
721.500000 0.018488
722.000000 0.018451
722.500000 0.018415
723.000000 0.018378
723.500000 0.018342
724.000000 0.018306
724.500000 0.018270
725.000000 0.018235
725.500000 0.018199
726.000000 0.018164
726.500000 0.018129
727.000000 0.018095
727.500000 0.018060
728.000000 0.018026
728.500000 0.017992
729.000000 0.017958
729.500000 0.017924
730.000000 0.017891
730.500000 0.017857
731.000000 0.017824
731.500000 0.017791
732.000000 0.017758
732.500000 0.017726
733.000000 0.017693
733.500000 0.017661
734.000000 0.017629
734.500000 0.017597
735.000000 0.017565
735.500000 0.017534
736.000000 0.017502
736.500000 0.017471
737.000000 0.017440
737.500000 0.017409
738.000000 0.017378
738.500000 0.017348
739.000000 0.017318
739.500000 0.017287
740.000000 0.017257
740.500000 0.017227
741.000000 0.017198
741.500000 0.017168
742.000000 0.017138
742.500000 0.017109
743.000000 0.017080
743.500000 0.017051
744.000000 0.017022
744.500000 0.016993
745.000000 0.016965
745.500000 0.016936
746.000000 0.016908
746.500000 0.016880
747.000000 0.016852
747.500000 0.016824
748.000000 0.016796
748.500000 0.016769
749.000000 0.016741
749.500000 0.016714
750.000000 0.016687
750.500000 0.016660
751.000000 0.016633
751.500000 0.016606
752.000000 0.016579
752.500000 0.016553
753.000000 0.016526
753.500000 0.016500
754.000000 0.016474
754.500000 0.016448
755.000000 0.016422
755.500000 0.016396
756.000000 0.016371
756.500000 0.016345
757.000000 0.016320
757.500000 0.016294
758.000000 0.016269
758.500000 0.016244
759.000000 0.016219
759.500000 0.016194
760.000000 0.016169
760.500000 0.016145
761.000000 0.016120
761.500000 0.016096
762.000000 0.016072
762.500000 0.016047
763.000000 0.016023
763.500000 0.015999
764.000000 0.015975
764.500000 0.015952
765.000000 0.015928
765.500000 0.015904
766.000000 0.015881
766.500000 0.015858
767.000000 0.015834
767.500000 0.015811
768.000000 0.015788
768.500000 0.015765
769.000000 0.015742
769.500000 0.015720
770.000000 0.015697
770.500000 0.015674
771.000000 0.015652
771.500000 0.015629
772.000000 0.015607
772.500000 0.015585
773.000000 0.015563
773.500000 0.015541
774.000000 0.015519
774.500000 0.015497
775.000000 0.015475
775.500000 0.015454
776.000000 0.015432
776.500000 0.015411
777.000000 0.015389
777.500000 0.015368
778.000000 0.015347
778.500000 0.015326
779.000000 0.015305
779.500000 0.015284
780.000000 0.015263
780.500000 0.015242
781.000000 0.015221
781.500000 0.015201
782.000000 0.015180
782.500000 0.015160
783.000000 0.015139
783.500000 0.015119
784.000000 0.015099
784.500000 0.015079
785.000000 0.015059
785.500000 0.015039
786.000000 0.015019
786.500000 0.014999
787.000000 0.014979
787.500000 0.014960
788.000000 0.014940
788.500000 0.014921
789.000000 0.014901
789.500000 0.014882
790.000000 0.014862
790.500000 0.014843
791.000000 0.014824
791.500000 0.014805
792.000000 0.014786
792.500000 0.014767
793.000000 0.014748
793.500000 0.014729
794.000000 0.014711
794.500000 0.014692
795.000000 0.014673
795.500000 0.014655
796.000000 0.014636
796.500000 0.014618
797.000000 0.014600
797.500000 0.014582
798.000000 0.014563
798.500000 0.014545
799.000000 0.014527
799.500000 0.014509
800.000000 0.014491
800.500000 0.014473
801.000000 0.014456
801.500000 0.014438
802.000000 0.014420
802.500000 0.014403
803.000000 0.014385
803.500000 0.014368
804.000000 0.014350
804.500000 0.014333
805.000000 0.014316
805.500000 0.014298
806.000000 0.014281
806.500000 0.014264
807.000000 0.014247
807.500000 0.014230
808.000000 0.014213
808.500000 0.014196
809.000000 0.014180
809.500000 0.014163
810.000000 0.014146
810.500000 0.014129
811.000000 0.014113
811.500000 0.014096
812.000000 0.014080
812.500000 0.014063
813.000000 0.014047
813.500000 0.014031
814.000000 0.014015
814.500000 0.013998
815.000000 0.013982
815.500000 0.013966
816.000000 0.013950
816.500000 0.013934
817.000000 0.013918
817.500000 0.013902
818.000000 0.013887
818.500000 0.013871
819.000000 0.013855
819.500000 0.013839
820.000000 0.013824
820.500000 0.013808
821.000000 0.013793
821.500000 0.013777
822.000000 0.013762
822.500000 0.013747
823.000000 0.013731
823.500000 0.013716
824.000000 0.013701
824.500000 0.013686
825.000000 0.013671
825.500000 0.013656
826.000000 0.013641
826.500000 0.013626
827.000000 0.013611
827.500000 0.013596
828.000000 0.013581
828.500000 0.013566
829.000000 0.013552
829.500000 0.013537
830.000000 0.013522
830.500000 0.013508
831.000000 0.013493
831.500000 0.013479
832.000000 0.013464
832.500000 0.013450
833.000000 0.013435
833.500000 0.013421
834.000000 0.013407
834.500000 0.013393
835.000000 0.013379
835.500000 0.013364
836.000000 0.013350
836.500000 0.013336
837.000000 0.013322
837.500000 0.013308
838.000000 0.013294
838.500000 0.013281
839.000000 0.013267
839.500000 0.013253
840.000000 0.013239
840.500000 0.013226
841.000000 0.013212
841.500000 0.013198
842.000000 0.013185
842.500000 0.013171
843.000000 0.013158
843.500000 0.013144
844.000000 0.013131
844.500000 0.013117
845.000000 0.013104
845.500000 0.013091
846.000000 0.013078
846.500000 0.013064
847.000000 0.013051
847.500000 0.013038
848.000000 0.013025
848.500000 0.013012
849.000000 0.012999
849.500000 0.012986
850.000000 0.012973
850.500000 0.012960
851.000000 0.012947
851.500000 0.012934
852.000000 0.012922
852.500000 0.012909
853.000000 0.012896
853.500000 0.012883
854.000000 0.012871
854.500000 0.012858
855.000000 0.012846
855.500000 0.012833
856.000000 0.012821
856.500000 0.012808
857.000000 0.012796
857.500000 0.012783
858.000000 0.012771
858.500000 0.012759
859.000000 0.012746
859.500000 0.012734
860.000000 0.012722
860.500000 0.012710
861.000000 0.012698
861.500000 0.012685
862.000000 0.012673
862.500000 0.012661
863.000000 0.012649
863.500000 0.012637
864.000000 0.012625
864.500000 0.012614
865.000000 0.012602
865.500000 0.012590
866.000000 0.012578
866.500000 0.012566
867.000000 0.012555
867.500000 0.012543
868.000000 0.012531
868.500000 0.012520
869.000000 0.012508
869.500000 0.012496
870.000000 0.012485
870.500000 0.012473
871.000000 0.012462
871.500000 0.012450
872.000000 0.012439
872.500000 0.012428
873.000000 0.012416
873.500000 0.012405
874.000000 0.012394
874.500000 0.012382
875.000000 0.012371
875.500000 0.012360
876.000000 0.012349
876.500000 0.012338
877.000000 0.012326
877.500000 0.012315
878.000000 0.012304
878.500000 0.012293
879.000000 0.012282
879.500000 0.012271
880.000000 0.012260
880.500000 0.012249
881.000000 0.012239
881.500000 0.012228
882.000000 0.012217
882.500000 0.012206
883.000000 0.012195
883.500000 0.012185
884.000000 0.012174
884.500000 0.012163
885.000000 0.012153
885.500000 0.012142
886.000000 0.012131
886.500000 0.012121
887.000000 0.012110
887.500000 0.012100
888.000000 0.012089
888.500000 0.012079
889.000000 0.012068
889.500000 0.012058
890.000000 0.012048
890.500000 0.012037
891.000000 0.012027
891.500000 0.012017
892.000000 0.012006
892.500000 0.011996
893.000000 0.011986
893.500000 0.011976
894.000000 0.011966
894.500000 0.011956
895.000000 0.011945
895.500000 0.011935
896.000000 0.011925
896.500000 0.011915
897.000000 0.011905
897.500000 0.011895
898.000000 0.011885
898.500000 0.011875
899.000000 0.011865
899.500000 0.011856
900.000000 0.011846
900.500000 0.011836
901.000000 0.011826
901.500000 0.011816
902.000000 0.011807
902.500000 0.011797
903.000000 0.011787
903.500000 0.011777
904.000000 0.011768
904.500000 0.011758
905.000000 0.011749
905.500000 0.011739
906.000000 0.011729
906.500000 0.011720
907.000000 0.011710
907.500000 0.011701
908.000000 0.011691
908.500000 0.011682
909.000000 0.011673
909.500000 0.011663
910.000000 0.011654
910.500000 0.011644
911.000000 0.011635
911.500000 0.011626
912.000000 0.011616
912.500000 0.011607
913.000000 0.011598
913.500000 0.011589
914.000000 0.011580
914.500000 0.011570
915.000000 0.011561
915.500000 0.011552
916.000000 0.011543
916.500000 0.011534
917.000000 0.011525
917.500000 0.011516
918.000000 0.011507
918.500000 0.011498
919.000000 0.011489
919.500000 0.011480
920.000000 0.011471
920.500000 0.011462
921.000000 0.011453
921.500000 0.011444
922.000000 0.011435
922.500000 0.011427
923.000000 0.011418
923.500000 0.011409
924.000000 0.011400
924.500000 0.011392
925.000000 0.011383
925.500000 0.011374
926.000000 0.011365
926.500000 0.011357
927.000000 0.011348
927.500000 0.011340
928.000000 0.011331
928.500000 0.011322
929.000000 0.011314
929.500000 0.011305
930.000000 0.011297
930.500000 0.011288
931.000000 0.011280
931.500000 0.011271
932.000000 0.011263
932.500000 0.011254
933.000000 0.011246
933.500000 0.011238
934.000000 0.011229
934.500000 0.011221
935.000000 0.011213
935.500000 0.011204
936.000000 0.011196
936.500000 0.011188
937.000000 0.011180
937.500000 0.011171
938.000000 0.011163
938.500000 0.011155
939.000000 0.011147
939.500000 0.011139
940.000000 0.011131
940.500000 0.011122
941.000000 0.011114
941.500000 0.011106
942.000000 0.011098
942.500000 0.011090
943.000000 0.011082
943.500000 0.011074
944.000000 0.011066
944.500000 0.011058
945.000000 0.011050
945.500000 0.011042
946.000000 0.011034
946.500000 0.011026
947.000000 0.011019
947.500000 0.011011
948.000000 0.011003
948.500000 0.010995
949.000000 0.010987
949.500000 0.010979
950.000000 0.010972
950.500000 0.010964
951.000000 0.010956
951.500000 0.010948
952.000000 0.010941
952.500000 0.010933
953.000000 0.010925
953.500000 0.010918
954.000000 0.010910
954.500000 0.010902
955.000000 0.010895
955.500000 0.010887
956.000000 0.010880
956.500000 0.010872
957.000000 0.010865
957.500000 0.010857
958.000000 0.010850
958.500000 0.010842
959.000000 0.010835
959.500000 0.010827
960.000000 0.010820
960.500000 0.010812
961.000000 0.010805
961.500000 0.010797
962.000000 0.010790
962.500000 0.010783
963.000000 0.010775
963.500000 0.010768
964.000000 0.010761
964.500000 0.010753
965.000000 0.010746
965.500000 0.010739
966.000000 0.010732
966.500000 0.010724
967.000000 0.010717
967.500000 0.010710
968.000000 0.010703
968.500000 0.010696
969.000000 0.010689
969.500000 0.010681
970.000000 0.010674
970.500000 0.010667
971.000000 0.010660
971.500000 0.010653
972.000000 0.010646
972.500000 0.010639
973.000000 0.010632
973.500000 0.010625
974.000000 0.010618
974.500000 0.010611
975.000000 0.010604
975.500000 0.010597
976.000000 0.010590
976.500000 0.010583
977.000000 0.010576
977.500000 0.010569
978.000000 0.010562
978.500000 0.010555
979.000000 0.010549
979.500000 0.010542
980.000000 0.010535
980.500000 0.010528
981.000000 0.010521
981.500000 0.010514
982.000000 0.010508
982.500000 0.010501
983.000000 0.010494
983.500000 0.010487
984.000000 0.010481
984.500000 0.010474
985.000000 0.010467
985.500000 0.010461
986.000000 0.010454
986.500000 0.010447
987.000000 0.010441
987.500000 0.010434
988.000000 0.010427
988.500000 0.010421
989.000000 0.010414
989.500000 0.010408
990.000000 0.010401
990.500000 0.010395
991.000000 0.010388
991.500000 0.010382
992.000000 0.010375
992.500000 0.010369
993.000000 0.010362
993.500000 0.010356
994.000000 0.010349
994.500000 0.010343
995.000000 0.010336
995.500000 0.010330
996.000000 0.010324
996.500000 0.010317
997.000000 0.010311
997.500000 0.010304
998.000000 0.010298
998.500000 0.010292
999.000000 0.010285
999.500000 0.010279
1000.000000 0.010273
