# wavelength_nm  intensity
200.000000 0.009135
200.500000 0.009268
201.000000 0.009402
201.500000 0.009539
202.000000 0.009679
202.500000 0.009821
203.000000 0.009966
203.500000 0.010113
204.000000 0.010263
204.500000 0.010416
205.000000 0.010572
205.500000 0.010731
206.000000 0.010892
206.500000 0.011057
207.000000 0.011225
207.500000 0.011396
208.000000 0.011570
208.500000 0.011748
209.000000 0.011929
209.500000 0.012114
210.000000 0.012303
210.500000 0.012495
211.000000 0.012691
211.500000 0.012891
212.000000 0.013096
212.500000 0.013304
213.000000 0.013517
213.500000 0.013734
214.000000 0.013956
214.500000 0.014182
215.000000 0.014414
215.500000 0.014650
216.000000 0.014891
216.500000 0.015138
217.000000 0.015390
217.500000 0.015647
218.000000 0.015910
218.500000 0.016179
219.000000 0.016455
219.500000 0.016736
220.000000 0.017024
220.500000 0.017319
221.000000 0.017620
221.500000 0.017929
222.000000 0.018245
222.500000 0.018568
223.000000 0.018899
223.500000 0.019238
224.000000 0.019586
224.500000 0.019942
225.000000 0.020307
225.500000 0.020682
226.000000 0.021065
226.500000 0.021459
227.000000 0.021863
227.500000 0.022277
228.000000 0.022702
228.500000 0.023139
229.000000 0.023587
229.500000 0.024047
230.000000 0.024520
230.500000 0.025006
231.000000 0.025506
231.500000 0.026020
232.000000 0.026548
232.500000 0.027092
233.000000 0.027651
233.500000 0.028227
234.000000 0.028819
234.500000 0.029430
235.000000 0.030059
235.500000 0.030708
236.000000 0.031376
236.500000 0.032066
237.000000 0.032777
237.500000 0.033511
238.000000 0.034269
238.500000 0.035052
239.000000 0.035860
239.500000 0.036696
240.000000 0.037561
240.500000 0.038455
241.000000 0.039380
241.500000 0.040338
242.000000 0.041330
242.500000 0.042358
243.000000 0.043424
243.500000 0.044529
244.000000 0.045676
244.500000 0.046867
245.000000 0.048104
245.500000 0.049389
246.000000 0.050725
246.500000 0.052115
247.000000 0.053562
247.500000 0.055068
248.000000 0.056639
248.500000 0.058276
249.000000 0.059983
249.500000 0.061766
250.000000 0.063629
250.500000 0.065575
251.000000 0.067612
251.500000 0.069743
252.000000 0.071975
252.500000 0.074315
253.000000 0.076769
253.500000 0.079345
254.000000 0.082052
254.500000 0.084897
255.000000 0.087891
255.500000 0.091043
256.000000 0.094365
256.500000 0.097870
257.000000 0.101569
257.500000 0.105477
258.000000 0.109610
258.500000 0.113985
259.000000 0.118619
259.500000 0.123531
260.000000 0.128744
260.500000 0.134280
261.000000 0.140165
261.500000 0.146423
262.000000 0.153085
262.500000 0.160181
263.000000 0.167744
263.500000 0.175808
264.000000 0.184409
264.500000 0.193586
265.000000 0.203378
265.500000 0.213823
266.000000 0.224960
266.500000 0.236827
267.000000 0.249457
267.500000 0.262879
268.000000 0.277115
268.500000 0.292176
269.000000 0.308061
269.500000 0.324752
270.000000 0.342210
270.500000 0.360378
271.000000 0.379170
271.500000 0.398478
272.000000 0.418168
272.500000 0.438086
273.000000 0.458060
273.500000 0.477909
274.000000 0.497456
274.500000 0.516530
275.000000 0.534988
275.500000 0.552717
276.000000 0.569645
276.500000 0.585747
277.000000 0.601043
277.500000 0.615591
278.000000 0.629481
278.500000 0.642811
279.000000 0.655676
279.500000 0.668146
280.000000 0.680246
280.500000 0.691942
281.000000 0.703135
281.500000 0.713655
282.000000 0.723269
282.500000 0.731695
283.000000 0.738616
283.500000 0.743717
284.000000 0.746701
284.500000 0.747325
285.000000 0.745420
285.500000 0.740910
286.000000 0.733817
286.500000 0.724260
287.000000 0.712444
287.500000 0.698640
288.000000 0.683166
288.500000 0.666362
289.000000 0.648569
289.500000 0.630114
290.000000 0.611293
290.500000 0.592370
291.000000 0.573568
291.500000 0.555072
292.000000 0.537032
292.500000 0.519564
293.000000 0.502757
293.500000 0.486679
294.000000 0.471376
294.500000 0.456883
295.000000 0.443220
295.500000 0.430400
296.000000 0.418429
296.500000 0.407305
297.000000 0.397024
297.500000 0.387579
298.000000 0.378956
298.500000 0.371143
299.000000 0.364121
299.500000 0.357870
300.000000 0.352369
300.500000 0.347591
301.000000 0.343508
301.500000 0.340090
302.000000 0.337303
302.500000 0.335109
303.000000 0.333467
303.500000 0.332332
304.000000 0.331655
304.500000 0.331385
305.000000 0.331463
305.500000 0.331830
306.000000 0.332422
306.500000 0.333175
307.000000 0.334020
307.500000 0.334891
308.000000 0.335723
308.500000 0.336454
309.000000 0.337026
309.500000 0.337390
310.000000 0.337505
310.500000 0.337336
311.000000 0.336865
311.500000 0.336081
312.000000 0.334985
312.500000 0.333591
313.000000 0.331922
313.500000 0.330008
314.000000 0.327889
314.500000 0.325609
315.000000 0.323214
315.500000 0.320754
316.000000 0.318276
316.500000 0.315829
317.000000 0.313455
317.500000 0.311195
318.000000 0.309084
318.500000 0.307153
319.000000 0.305425
319.500000 0.303918
320.000000 0.302643
320.500000 0.301606
321.000000 0.300804
321.500000 0.300229
322.000000 0.299867
322.500000 0.299694
323.000000 0.299686
323.500000 0.299809
324.000000 0.300027
324.500000 0.300299
325.000000 0.300584
325.500000 0.300838
326.000000 0.301018
326.500000 0.301085
327.000000 0.301000
327.500000 0.300733
328.000000 0.300258
328.500000 0.299558
329.000000 0.298623
329.500000 0.297452
330.000000 0.296051
330.500000 0.294436
331.000000 0.292627
331.500000 0.290650
332.000000 0.288538
332.500000 0.286323
333.000000 0.284040
333.500000 0.281724
334.000000 0.279410
334.500000 0.277132
335.000000 0.274918
335.500000 0.272798
336.000000 0.270795
336.500000 0.268934
337.000000 0.267231
337.500000 0.265704
338.000000 0.264366
338.500000 0.263229
339.000000 0.262303
339.500000 0.261595
340.000000 0.261112
340.500000 0.260860
341.000000 0.260842
341.500000 0.261062
342.000000 0.261524
342.500000 0.262230
343.000000 0.263182
343.500000 0.264384
344.000000 0.265837
344.500000 0.267543
345.000000 0.269505
345.500000 0.271725
346.000000 0.274207
346.500000 0.276952
347.000000 0.279965
347.500000 0.283249
348.000000 0.286809
348.500000 0.290647
349.000000 0.294770
349.500000 0.299182
350.000000 0.303890
350.500000 0.308898
351.000000 0.314215
351.500000 0.319845
352.000000 0.325798
352.500000 0.332080
353.000000 0.338699
353.500000 0.345664
354.000000 0.352982
354.500000 0.360662
355.000000 0.368713
355.500000 0.377142
356.000000 0.385959
356.500000 0.395169
357.000000 0.404782
357.500000 0.414802
358.000000 0.425235
358.500000 0.436086
359.000000 0.447357
359.500000 0.459050
360.000000 0.471163
360.500000 0.483694
361.000000 0.496637
361.500000 0.509982
362.000000 0.523718
362.500000 0.537830
363.000000 0.552296
363.500000 0.567095
364.000000 0.582197
364.500000 0.597569
365.000000 0.613175
365.500000 0.628970
366.000000 0.644910
366.500000 0.660943
367.000000 0.677014
367.500000 0.693065
368.000000 0.709035
368.500000 0.724863
369.000000 0.740484
369.500000 0.755838
370.000000 0.770863
370.500000 0.785501
371.000000 0.799698
371.500000 0.813405
372.000000 0.826579
372.500000 0.839184
373.000000 0.851189
373.500000 0.862575
374.000000 0.873326
374.500000 0.883435
375.000000 0.892904
375.500000 0.901739
376.000000 0.909953
376.500000 0.917562
377.000000 0.924588
377.500000 0.931056
378.000000 0.936992
378.500000 0.942424
379.000000 0.947382
379.500000 0.951895
380.000000 0.955993
380.500000 0.959703
381.000000 0.963054
381.500000 0.966074
382.000000 0.968787
382.500000 0.971219
383.000000 0.973394
383.500000 0.975333
384.000000 0.977059
384.500000 0.978590
385.000000 0.979945
385.500000 0.981142
386.000000 0.982194
386.500000 0.983116
387.000000 0.983920
387.500000 0.984614
388.000000 0.985208
388.500000 0.985708
389.000000 0.986118
389.500000 0.986439
390.000000 0.986674
390.500000 0.986820
391.000000 0.986875
391.500000 0.986835
392.000000 0.986695
392.500000 0.986446
393.000000 0.986083
393.500000 0.985596
394.000000 0.984977
394.500000 0.984215
395.000000 0.983300
395.500000 0.982222
396.000000 0.980968
396.500000 0.979528
397.000000 0.977889
397.500000 0.976037
398.000000 0.973959
398.500000 0.971641
399.000000 0.969066
399.500000 0.966219
400.000000 0.963083
400.500000 0.959640
401.000000 0.955871
401.500000 0.951759
402.000000 0.947285
402.500000 0.942431
403.000000 0.937179
403.500000 0.931514
404.000000 0.925421
404.500000 0.918888
405.000000 0.911903
405.500000 0.904460
406.000000 0.896555
406.500000 0.888186
407.000000 0.879357
407.500000 0.870074
408.000000 0.860347
408.500000 0.850190
409.000000 0.839622
409.500000 0.828663
410.000000 0.817338
410.500000 0.805674
411.000000 0.793701
411.500000 0.781451
412.000000 0.768955
412.500000 0.756250
413.000000 0.743369
413.500000 0.730348
414.000000 0.717221
414.500000 0.704023
415.000000 0.690786
415.500000 0.677542
416.000000 0.664321
416.500000 0.651151
417.000000 0.638059
417.500000 0.625070
418.000000 0.612204
418.500000 0.599483
419.000000 0.586923
419.500000 0.574542
420.000000 0.562352
420.500000 0.550366
421.000000 0.538594
421.500000 0.527043
422.000000 0.515721
422.500000 0.504633
423.000000 0.493782
423.500000 0.483173
424.000000 0.472805
424.500000 0.462681
425.000000 0.452799
425.500000 0.443158
426.000000 0.433758
426.500000 0.424595
427.000000 0.415667
427.500000 0.406971
428.000000 0.398503
428.500000 0.390260
429.000000 0.382237
429.500000 0.374429
430.000000 0.366834
430.500000 0.359445
431.000000 0.352258
431.500000 0.345269
432.000000 0.338472
432.500000 0.331864
433.000000 0.325438
433.500000 0.319191
434.000000 0.313117
434.500000 0.307211
435.000000 0.301470
435.500000 0.295888
436.000000 0.290462
436.500000 0.285185
437.000000 0.280055
437.500000 0.275067
438.000000 0.270217
438.500000 0.265500
439.000000 0.260912
439.500000 0.256451
440.000000 0.252111
440.500000 0.247890
441.000000 0.243784
441.500000 0.239788
442.000000 0.235901
442.500000 0.232118
443.000000 0.228437
443.500000 0.224854
444.000000 0.221366
444.500000 0.217971
445.000000 0.214665
445.500000 0.211446
446.000000 0.208312
446.500000 0.205259
447.000000 0.202285
447.500000 0.199389
448.000000 0.196566
448.500000 0.193816
449.000000 0.191136
449.500000 0.188523
450.000000 0.185977
450.500000 0.183494
451.000000 0.181073
451.500000 0.178712
452.000000 0.176409
452.500000 0.174163
453.000000 0.171971
453.500000 0.169831
454.000000 0.167743
454.500000 0.165704
455.000000 0.163714
455.500000 0.161769
456.000000 0.159869
456.500000 0.158013
457.000000 0.156198
457.500000 0.154424
458.000000 0.152689
458.500000 0.150991
459.000000 0.149329
459.500000 0.147703
460.000000 0.146109
460.500000 0.144549
461.000000 0.143019
461.500000 0.141519
462.000000 0.140048
462.500000 0.138604
463.000000 0.137187
463.500000 0.135795
464.000000 0.134427
464.500000 0.133082
465.000000 0.131760
465.500000 0.130459
466.000000 0.129178
466.500000 0.127917
467.000000 0.126675
467.500000 0.125451
468.000000 0.124244
468.500000 0.123053
469.000000 0.121879
469.500000 0.120719
470.000000 0.119575
470.500000 0.118445
471.000000 0.117329
471.500000 0.116227
472.000000 0.115137
472.500000 0.114061
473.000000 0.112997
473.500000 0.111945
474.000000 0.110905
474.500000 0.109878
475.000000 0.108862
475.500000 0.107857
476.000000 0.106864
476.500000 0.105883
477.000000 0.104913
477.500000 0.103954
478.000000 0.103006
478.500000 0.102070
479.000000 0.101144
479.500000 0.100230
480.000000 0.099327
480.500000 0.098435
481.000000 0.097553
481.500000 0.096683
482.000000 0.095824
482.500000 0.094976
483.000000 0.094139
483.500000 0.093313
484.000000 0.092497
484.500000 0.091693
485.000000 0.090899
485.500000 0.090115
486.000000 0.089342
486.500000 0.088580
487.000000 0.087828
487.500000 0.087087
488.000000 0.086355
488.500000 0.085634
489.000000 0.084923
489.500000 0.084222
490.000000 0.083531
490.500000 0.082849
491.000000 0.082177
491.500000 0.081514
492.000000 0.080861
492.500000 0.080217
493.000000 0.079582
493.500000 0.078956
494.000000 0.078338
494.500000 0.077730
495.000000 0.077130
495.500000 0.076538
496.000000 0.075955
496.500000 0.075380
497.000000 0.074813
497.500000 0.074254
498.000000 0.073703
498.500000 0.073160
499.000000 0.072624
499.500000 0.072096
500.000000 0.071574
500.500000 0.071061
501.000000 0.070554
501.500000 0.070054
502.000000 0.069561
502.500000 0.069075
503.000000 0.068596
503.500000 0.068123
504.000000 0.067656
504.500000 0.067196
505.000000 0.066742
505.500000 0.066295
506.000000 0.065853
506.500000 0.065417
507.000000 0.064987
507.500000 0.064563
508.000000 0.064144
508.500000 0.063731
509.000000 0.063324
509.500000 0.062922
510.000000 0.062525
510.500000 0.062133
511.000000 0.061747
511.500000 0.061365
512.000000 0.060989
512.500000 0.060617
513.000000 0.060250
513.500000 0.059888
514.000000 0.059530
514.500000 0.059177
515.000000 0.058829
515.500000 0.058485
516.000000 0.058145
516.500000 0.057809
517.000000 0.057478
517.500000 0.057151
518.000000 0.056828
518.500000 0.056509
519.000000 0.056193
519.500000 0.055882
520.000000 0.055574
520.500000 0.055271
521.000000 0.054970
521.500000 0.054674
522.000000 0.054381
522.500000 0.054091
523.000000 0.053805
523.500000 0.053522
524.000000 0.053243
524.500000 0.052967
525.000000 0.052694
525.500000 0.052424
526.000000 0.052157
526.500000 0.051894
527.000000 0.051633
527.500000 0.051375
528.000000 0.051120
528.500000 0.050869
529.000000 0.050619
529.500000 0.050373
530.000000 0.050129
530.500000 0.049889
531.000000 0.049650
531.500000 0.049415
532.000000 0.049181
532.500000 0.048951
533.000000 0.048723
533.500000 0.048497
534.000000 0.048274
534.500000 0.048053
535.000000 0.047834
535.500000 0.047618
536.000000 0.047404
536.500000 0.047192
537.000000 0.046983
537.500000 0.046775
538.000000 0.046570
538.500000 0.046367
539.000000 0.046166
539.500000 0.045967
540.000000 0.045770
540.500000 0.045574
541.000000 0.045381
541.500000 0.045190
542.000000 0.045001
542.500000 0.044813
543.000000 0.044627
543.500000 0.044444
544.000000 0.044261
544.500000 0.044081
545.000000 0.043902
545.500000 0.043725
546.000000 0.043550
546.500000 0.043376
547.000000 0.043204
547.500000 0.043034
548.000000 0.042865
548.500000 0.042697
549.000000 0.042531
549.500000 0.042367
550.000000 0.042204
550.500000 0.042042
551.000000 0.041882
551.500000 0.041723
552.000000 0.041565
552.500000 0.041409
553.000000 0.041254
553.500000 0.041100
554.000000 0.040948
554.500000 0.040797
555.000000 0.040647
555.500000 0.040498
556.000000 0.040351
556.500000 0.040205
557.000000 0.040060
557.500000 0.039916
558.000000 0.039773
558.500000 0.039631
559.000000 0.039491
559.500000 0.039351
560.000000 0.039213
560.500000 0.039076
561.000000 0.038940
561.500000 0.038805
562.000000 0.038671
562.500000 0.038538
563.000000 0.038406
563.500000 0.038276
564.000000 0.038146
564.500000 0.038018
565.000000 0.037891
565.500000 0.037764
566.000000 0.037639
566.500000 0.037515
567.000000 0.037392
567.500000 0.037270
568.000000 0.037149
568.500000 0.037030
569.000000 0.036911
569.500000 0.036793
570.000000 0.036677
570.500000 0.036562
571.000000 0.036447
571.500000 0.036334
572.000000 0.036222
572.500000 0.036111
573.000000 0.036002
573.500000 0.035893
574.000000 0.035785
574.500000 0.035679
575.000000 0.035574
575.500000 0.035469
576.000000 0.035366
576.500000 0.035265
577.000000 0.035164
577.500000 0.035064
578.000000 0.034966
578.500000 0.034868
579.000000 0.034772
579.500000 0.034677
580.000000 0.034583
580.500000 0.034490
581.000000 0.034398
581.500000 0.034308
582.000000 0.034218
582.500000 0.034130
583.000000 0.034043
583.500000 0.033957
584.000000 0.033872
584.500000 0.033788
585.000000 0.033705
585.500000 0.033623
586.000000 0.033543
586.500000 0.033464
587.000000 0.033385
587.500000 0.033308
588.000000 0.033232
588.500000 0.033157
589.000000 0.033083
589.500000 0.033010
590.000000 0.032939
590.500000 0.032868
591.000000 0.032799
591.500000 0.032730
592.000000 0.032663
592.500000 0.032596
593.000000 0.032531
593.500000 0.032467
594.000000 0.032403
594.500000 0.032341
595.000000 0.032280
595.500000 0.032219
596.000000 0.032160
596.500000 0.032102
597.000000 0.032045
597.500000 0.031988
598.000000 0.031933
598.500000 0.031878
599.000000 0.031825
599.500000 0.031772
600.000000 0.031721
600.500000 0.031670
601.000000 0.031620
601.500000 0.031571
602.000000 0.031523
602.500000 0.031475
603.000000 0.031429
603.500000 0.031383
604.000000 0.031338
604.500000 0.031294
605.000000 0.031250
605.500000 0.031207
606.000000 0.031165
606.500000 0.031124
607.000000 0.031083
607.500000 0.031043
608.000000 0.031004
608.500000 0.030965
609.000000 0.030926
609.500000 0.030889
610.000000 0.030851
610.500000 0.030815
611.000000 0.030778
611.500000 0.030742
612.000000 0.030707
612.500000 0.030672
613.000000 0.030637
613.500000 0.030602
614.000000 0.030568
614.500000 0.030534
615.000000 0.030500
615.500000 0.030467
616.000000 0.030433
616.500000 0.030400
617.000000 0.030367
617.500000 0.030333
618.000000 0.030300
618.500000 0.030267
619.000000 0.030234
619.500000 0.030200
620.000000 0.030167
620.500000 0.030133
621.000000 0.030099
621.500000 0.030065
622.000000 0.030030
622.500000 0.029996
623.000000 0.029960
623.500000 0.029925
624.000000 0.029889
624.500000 0.029853
625.000000 0.029816
625.500000 0.029778
626.000000 0.029741
626.500000 0.029702
627.000000 0.029663
627.500000 0.029623
628.000000 0.029583
628.500000 0.029542
629.000000 0.029500
629.500000 0.029458
630.000000 0.029414
630.500000 0.029370
631.000000 0.029326
631.500000 0.029280
632.000000 0.029234
632.500000 0.029186
633.000000 0.029138
633.500000 0.029089
634.000000 0.029039
634.500000 0.028988
635.000000 0.028937
635.500000 0.028884
636.000000 0.028831
636.500000 0.028777
637.000000 0.028721
637.500000 0.028665
638.000000 0.028608
638.500000 0.028550
639.000000 0.028491
639.500000 0.028432
640.000000 0.028371
640.500000 0.028310
641.000000 0.028248
641.500000 0.028185
642.000000 0.028121
642.500000 0.028056
643.000000 0.027991
643.500000 0.027924
644.000000 0.027857
644.500000 0.027790
645.000000 0.027721
645.500000 0.027652
646.000000 0.027583
646.500000 0.027512
647.000000 0.027441
647.500000 0.027370
648.000000 0.027298
648.500000 0.027225
649.000000 0.027152
649.500000 0.027079
650.000000 0.027005
650.500000 0.026930
651.000000 0.026855
651.500000 0.026780
652.000000 0.026705
652.500000 0.026629
653.000000 0.026553
653.500000 0.026476
654.000000 0.026400
654.500000 0.026323
655.000000 0.026246
655.500000 0.026169
656.000000 0.026091
656.500000 0.026014
657.000000 0.025936
657.500000 0.025859
658.000000 0.025781
658.500000 0.025704
659.000000 0.025626
659.500000 0.025549
660.000000 0.025471
660.500000 0.025394
661.000000 0.025316
661.500000 0.025239
662.000000 0.025162
662.500000 0.025085
663.000000 0.025008
663.500000 0.024932
664.000000 0.024855
664.500000 0.024779
665.000000 0.024703
665.500000 0.024627
666.000000 0.024552
666.500000 0.024477
667.000000 0.024402
667.500000 0.024327
668.000000 0.024253
668.500000 0.024179
669.000000 0.024105
669.500000 0.024032
670.000000 0.023959
670.500000 0.023886
671.000000 0.023814
671.500000 0.023742
672.000000 0.023671
672.500000 0.023599
673.000000 0.023529
673.500000 0.023458
674.000000 0.023388
674.500000 0.023319
675.000000 0.023250
675.500000 0.023181
676.000000 0.023112
676.500000 0.023044
677.000000 0.022977
677.500000 0.022910
678.000000 0.022843
678.500000 0.022777
679.000000 0.022711
679.500000 0.022646
680.000000 0.022581
680.500000 0.022516
681.000000 0.022452
681.500000 0.022388
682.000000 0.022325
682.500000 0.022262
683.000000 0.022200
683.500000 0.022138
684.000000 0.022076
684.500000 0.022015
685.000000 0.021954
685.500000 0.021894
686.000000 0.021834
686.500000 0.021775
687.000000 0.021715
687.500000 0.021657
688.000000 0.021599
688.500000 0.021541
689.000000 0.021483
689.500000 0.021426
690.000000 0.021370
690.500000 0.021314
691.000000 0.021258
691.500000 0.021202
692.000000 0.021147
692.500000 0.021093
693.000000 0.021039
693.500000 0.020985
694.000000 0.020931
694.500000 0.020878
695.000000 0.020825
695.500000 0.020773
696.000000 0.020721
696.500000 0.020670
697.000000 0.020618
697.500000 0.020567
698.000000 0.020517
698.500000 0.020467
699.000000 0.020417
699.500000 0.020367
700.000000 0.020318
700.500000 0.020269
701.000000 0.020221
701.500000 0.020173
702.000000 0.020125
702.500000 0.020078
703.000000 0.020031
703.500000 0.019984
704.000000 0.019937
704.500000 0.019891
705.000000 0.019845
705.500000 0.019800
706.000000 0.019755
706.500000 0.019710
707.000000 0.019665
707.500000 0.019621
708.000000 0.019577
708.500000 0.019533
709.000000 0.019490
709.500000 0.019446
710.000000 0.019403
710.500000 0.019361
711.000000 0.019319
711.500000 0.019277
712.000000 0.019235
712.500000 0.019193
713.000000 0.019152
713.500000 0.019111
714.000000 0.019070
714.500000 0.019030
715.000000 0.018990
715.500000 0.018950
716.000000 0.018910
716.500000 0.018871
717.000000 0.018832
717.500000 0.018793
718.000000 0.018754
718.500000 0.018716
719.000000 0.018677
719.500000 0.018639
720.000000 0.018602
720.500000 0.018564
721.000000 0.018527
721.500000 0.018490
722.000000 0.018453
722.500000 0.018416
723.000000 0.018380
723.500000 0.018344
724.000000 0.018308
724.500000 0.018272
725.000000 0.018236
725.500000 0.018201
726.000000 0.018166
726.500000 0.018131
727.000000 0.018096
727.500000 0.018062
728.000000 0.018028
728.500000 0.017993
729.000000 0.017960
729.500000 0.017926
730.000000 0.017892
730.500000 0.017859
731.000000 0.017826
731.500000 0.017793
732.000000 0.017760
732.500000 0.017727
733.000000 0.017695
733.500000 0.017663
734.000000 0.017631
734.500000 0.017599
735.000000 0.017567
735.500000 0.017535
736.000000 0.017504
736.500000 0.017473
737.000000 0.017442
737.500000 0.017411
738.000000 0.017380
738.500000 0.017350
739.000000 0.017319
739.500000 0.017289
740.000000 0.017259
740.500000 0.017229
741.000000 0.017199
741.500000 0.017169
742.000000 0.017140
742.500000 0.017111
743.000000 0.017082
743.500000 0.017053
744.000000 0.017024
744.500000 0.016995
745.000000 0.016966
745.500000 0.016938
746.000000 0.016910
746.500000 0.016882
747.000000 0.016854
747.500000 0.016826
748.000000 0.016798
748.500000 0.016770
749.000000 0.016743
749.500000 0.016716
750.000000 0.016688
750.500000 0.016661
751.000000 0.016634
751.500000 0.016608
752.000000 0.016581
752.500000 0.016554
753.000000 0.016528
753.500000 0.016502
754.000000 0.016476
754.500000 0.016449
755.000000 0.016424
755.500000 0.016398
756.000000 0.016372
756.500000 0.016347
757.000000 0.016321
757.500000 0.016296
758.000000 0.016271
758.500000 0.016245
759.000000 0.016220
759.500000 0.016196
760.000000 0.016171
760.500000 0.016146
761.000000 0.016122
761.500000 0.016097
762.000000 0.016073
762.500000 0.016049
763.000000 0.016025
763.500000 0.016001
764.000000 0.015977
764.500000 0.015953
765.000000 0.015929
765.500000 0.015906
766.000000 0.015882
766.500000 0.015859
767.000000 0.015836
767.500000 0.015813
768.000000 0.015790
768.500000 0.015767
769.000000 0.015744
769.500000 0.015721
770.000000 0.015698
770.500000 0.015676
771.000000 0.015653
771.500000 0.015631
772.000000 0.015609
772.500000 0.015586
773.000000 0.015564
773.500000 0.015542
774.000000 0.015520
774.500000 0.015499
775.000000 0.015477
775.500000 0.015455
776.000000 0.015434
776.500000 0.015412
777.000000 0.015391
777.500000 0.015369
778.000000 0.015348
778.500000 0.015327
779.000000 0.015306
779.500000 0.015285
780.000000 0.015264
780.500000 0.015243
781.000000 0.015223
781.500000 0.015202
782.000000 0.015182
782.500000 0.015161
783.000000 0.015141
783.500000 0.015121
784.000000 0.015100
784.500000 0.015080
785.000000 0.015060
785.500000 0.015040
786.000000 0.015020
786.500000 0.015000
787.000000 0.014981
787.500000 0.014961
788.000000 0.014941
788.500000 0.014922
789.000000 0.014902
789.500000 0.014883
790.000000 0.014864
790.500000 0.014845
791.000000 0.014825
791.500000 0.014806
792.000000 0.014787
792.500000 0.014768
793.000000 0.014749
793.500000 0.014731
794.000000 0.014712
794.500000 0.014693
795.000000 0.014675
795.500000 0.014656
796.000000 0.014638
796.500000 0.014619
797.000000 0.014601
797.500000 0.014583
798.000000 0.014565
798.500000 0.014547
799.000000 0.014528
799.500000 0.014511
800.000000 0.014493
800.500000 0.014475
801.000000 0.014457
801.500000 0.014439
802.000000 0.014422
802.500000 0.014404
803.000000 0.014386
803.500000 0.014369
804.000000 0.014352
804.500000 0.014334
805.000000 0.014317
805.500000 0.014300
806.000000 0.014283
806.500000 0.014265
807.000000 0.014248
807.500000 0.014231
808.000000 0.014214
808.500000 0.014198
809.000000 0.014181
809.500000 0.014164
810.000000 0.014147
810.500000 0.014131
811.000000 0.014114
811.500000 0.014098
812.000000 0.014081
812.500000 0.014065
813.000000 0.014048
813.500000 0.014032
814.000000 0.014016
814.500000 0.014000
815.000000 0.013983
815.500000 0.013967
816.000000 0.013951
816.500000 0.013935
817.000000 0.013919
817.500000 0.013904
818.000000 0.013888
818.500000 0.013872
819.000000 0.013856
819.500000 0.013841
820.000000 0.013825
820.500000 0.013809
821.000000 0.013794
821.500000 0.013779
822.000000 0.013763
822.500000 0.013748
823.000000 0.013732
823.500000 0.013717
824.000000 0.013702
824.500000 0.013687
825.000000 0.013672
825.500000 0.013657
826.000000 0.013642
826.500000 0.013627
827.000000 0.013612
827.500000 0.013597
828.000000 0.013582
828.500000 0.013567
829.000000 0.013553
829.500000 0.013538
830.000000 0.013523
830.500000 0.013509
831.000000 0.013494
831.500000 0.013480
832.000000 0.013465
832.500000 0.013451
833.000000 0.013437
833.500000 0.013422
834.000000 0.013408
834.500000 0.013394
835.000000 0.013380
835.500000 0.013366
836.000000 0.013351
836.500000 0.013337
837.000000 0.013323
837.500000 0.013309
838.000000 0.013296
838.500000 0.013282
839.000000 0.013268
839.500000 0.013254
840.000000 0.013240
840.500000 0.013227
841.000000 0.013213
841.500000 0.013199
842.000000 0.013186
842.500000 0.013172
843.000000 0.013159
843.500000 0.013145
844.000000 0.013132
844.500000 0.013119
845.000000 0.013105
845.500000 0.013092
846.000000 0.013079
846.500000 0.013065
847.000000 0.013052
847.500000 0.013039
848.000000 0.013026
848.500000 0.013013
849.000000 0.013000
849.500000 0.012987
850.000000 0.012974
850.500000 0.012961
851.000000 0.012948
851.500000 0.012935
852.000000 0.012923
852.500000 0.012910
853.000000 0.012897
853.500000 0.012884
854.000000 0.012872
854.500000 0.012859
855.000000 0.012847
855.500000 0.012834
856.000000 0.012822
856.500000 0.012809
857.000000 0.012797
857.500000 0.012784
858.000000 0.012772
858.500000 0.012760
859.000000 0.012747
859.500000 0.012735
860.000000 0.012723
860.500000 0.012711
861.000000 0.012699
861.500000 0.012687
862.000000 0.012674
862.500000 0.012662
863.000000 0.012650
863.500000 0.012638
864.000000 0.012626
864.500000 0.012615
865.000000 0.012603
865.500000 0.012591
866.000000 0.012579
866.500000 0.012567
867.000000 0.012556
867.500000 0.012544
868.000000 0.012532
868.500000 0.012521
869.000000 0.012509
869.500000 0.012497
870.000000 0.012486
870.500000 0.012474
871.000000 0.012463
871.500000 0.012451
872.000000 0.012440
872.500000 0.012429
873.000000 0.012417
873.500000 0.012406
874.000000 0.012395
874.500000 0.012383
875.000000 0.012372
875.500000 0.012361
876.000000 0.012350
876.500000 0.012339
877.000000 0.012327
877.500000 0.012316
878.000000 0.012305
878.500000 0.012294
879.000000 0.012283
879.500000 0.012272
880.000000 0.012261
880.500000 0.012250
881.000000 0.012240
881.500000 0.012229
882.000000 0.012218
882.500000 0.012207
883.000000 0.012196
883.500000 0.012186
884.000000 0.012175
884.500000 0.012164
885.000000 0.012154
885.500000 0.012143
886.000000 0.012132
886.500000 0.012122
887.000000 0.012111
887.500000 0.012101
888.000000 0.012090
888.500000 0.012080
889.000000 0.012069
889.500000 0.012059
890.000000 0.012049
890.500000 0.012038
891.000000 0.012028
891.500000 0.012018
892.000000 0.012007
892.500000 0.011997
893.000000 0.011987
893.500000 0.011977
894.000000 0.011967
894.500000 0.011956
895.000000 0.011946
895.500000 0.011936
896.000000 0.011926
896.500000 0.011916
897.000000 0.011906
897.500000 0.011896
898.000000 0.011886
898.500000 0.011876
899.000000 0.011866
899.500000 0.011857
900.000000 0.011847
900.500000 0.011837
901.000000 0.011827
901.500000 0.011817
902.000000 0.011808
902.500000 0.011798
903.000000 0.011788
903.500000 0.011778
904.000000 0.011769
904.500000 0.011759
905.000000 0.011749
905.500000 0.011740
906.000000 0.011730
906.500000 0.011721
907.000000 0.011711
907.500000 0.011702
908.000000 0.011692
908.500000 0.011683
909.000000 0.011673
909.500000 0.011664
910.000000 0.011655
910.500000 0.011645
911.000000 0.011636
911.500000 0.011627
912.000000 0.011617
912.500000 0.011608
913.000000 0.011599
913.500000 0.011590
914.000000 0.011581
914.500000 0.011571
915.000000 0.011562
915.500000 0.011553
916.000000 0.011544
916.500000 0.011535
917.000000 0.011526
917.500000 0.011517
918.000000 0.011508
918.500000 0.011499
919.000000 0.011490
919.500000 0.011481
920.000000 0.011472
920.500000 0.011463
921.000000 0.011454
921.500000 0.011445
922.000000 0.011436
922.500000 0.011428
923.000000 0.011419
923.500000 0.011410
924.000000 0.011401
924.500000 0.011392
925.000000 0.011384
925.500000 0.011375
926.000000 0.011366
926.500000 0.011358
927.000000 0.011349
927.500000 0.011340
928.000000 0.011332
928.500000 0.011323
929.000000 0.011315
929.500000 0.011306
930.000000 0.011298
930.500000 0.011289
931.000000 0.011281
931.500000 0.011272
932.000000 0.011264
932.500000 0.011255
933.000000 0.011247
933.500000 0.011239
934.000000 0.011230
934.500000 0.011222
935.000000 0.011214
935.500000 0.011205
936.000000 0.011197
936.500000 0.011189
937.000000 0.011180
937.500000 0.011172
938.000000 0.011164
938.500000 0.011156
939.000000 0.011148
939.500000 0.011140
940.000000 0.011131
940.500000 0.011123
941.000000 0.011115
941.500000 0.011107
942.000000 0.011099
942.500000 0.011091
943.000000 0.011083
943.500000 0.011075
944.000000 0.011067
944.500000 0.011059
945.000000 0.011051
945.500000 0.011043
946.000000 0.011035
946.500000 0.011027
947.000000 0.011019
947.500000 0.011012
948.000000 0.011004
948.500000 0.010996
949.000000 0.010988
949.500000 0.010980
950.000000 0.010973
950.500000 0.010965
951.000000 0.010957
951.500000 0.010949
952.000000 0.010942
952.500000 0.010934
953.000000 0.010926
953.500000 0.010919
954.000000 0.010911
954.500000 0.010903
955.000000 0.010896
955.500000 0.010888
956.000000 0.010881
956.500000 0.010873
957.000000 0.010865
957.500000 0.010858
958.000000 0.010850
958.500000 0.010843
959.000000 0.010835
959.500000 0.010828
960.000000 0.010821
960.500000 0.010813
961.000000 0.010806
961.500000 0.010798
962.000000 0.010791
962.500000 0.010784
963.000000 0.010776
963.500000 0.010769
964.000000 0.010762
964.500000 0.010754
965.000000 0.010747
965.500000 0.010740
966.000000 0.010733
966.500000 0.010725
967.000000 0.010718
967.500000 0.010711
968.000000 0.010704
968.500000 0.010697
969.000000 0.010689
969.500000 0.010682
970.000000 0.010675
970.500000 0.010668
971.000000 0.010661
971.500000 0.010654
972.000000 0.010647
972.500000 0.010640
973.000000 0.010633
973.500000 0.010626
974.000000 0.010619
974.500000 0.010612
975.000000 0.010605
975.500000 0.010598
976.000000 0.010591
976.500000 0.010584
977.000000 0.010577
977.500000 0.010570
978.000000 0.010563
978.500000 0.010556
979.000000 0.010549
979.500000 0.010543
980.000000 0.010536
980.500000 0.010529
981.000000 0.010522
981.500000 0.010515
982.000000 0.010508
982.500000 0.010502
983.000000 0.010495
983.500000 0.010488
984.000000 0.010482
984.500000 0.010475
985.000000 0.010468
985.500000 0.010461
986.000000 0.010455
986.500000 0.010448
987.000000 0.010441
987.500000 0.010435
988.000000 0.010428
988.500000 0.010422
989.000000 0.010415
989.500000 0.010409
990.000000 0.010402
990.500000 0.010395
991.000000 0.010389
991.500000 0.010382
992.000000 0.010376
992.500000 0.010369
993.000000 0.010363
993.500000 0.010356
994.000000 0.010350
994.500000 0.010344
995.000000 0.010337
995.500000 0.010331
996.000000 0.010324
996.500000 0.010318
997.000000 0.010312
997.500000 0.010305
998.000000 0.010299
998.500000 0.010293
999.000000 0.010286
999.500000 0.010280
1000.000000 0.010274
