orbital number 1 energy -8.126908496690948
[-0.07 -0.07 -0.07 -0.04 -0.04 -0.04 -0.07 -0.14 -0.18 -0.13 -0.17 -0.13
 -0.18 -0.14 -0.18 -0.13 -0.17 -0.13 -0.18 -0.07 -0.14 -0.18 -0.13 -0.17
 -0.13 -0.18 -0.14 -0.18 -0.13 -0.17 -0.13 -0.18 -0.04 -0.07 -0.07 -0.07
 -0.04 -0.04 -0.01 -0.01 -0.02 -0.01 -0.01 -0.02 -0.07 -0.07 -0.17 -0.17
 -0.17 -0.17 -0.17 -0.17 -0.17 -0.17 -0.17 -0.17 -0.17 -0.17 -0.07 -0.07]
orbital number 2 energy -8.126198461576843
[ 0.06  0.06  0.06  0.04  0.03  0.04 -0.07 -0.14 -0.18 -0.13 -0.17 -0.13
 -0.18 -0.14 -0.18 -0.13 -0.17 -0.13 -0.18  0.07  0.14  0.18  0.13  0.17
  0.13  0.18  0.14  0.18  0.13  0.17  0.13  0.18 -0.04 -0.06 -0.06 -0.06
 -0.04 -0.03 -0.    0.    0.01  0.   -0.   -0.01  0.06  0.06 -0.17 -0.17
 -0.17 -0.17 -0.17 -0.17  0.17  0.17  0.17  0.17  0.17  0.17 -0.06 -0.06]
orbital number 3 energy -8.076563731623786
[ 0.    0.   -0.   -0.    0.    0.    0.   -0.   -0.01 -0.   -0.01 -0.
 -0.01  0.    0.01  0.    0.01  0.    0.01  0.   -0.18 -0.25 -0.2  -0.26
 -0.2  -0.25  0.18  0.25  0.2   0.26  0.2   0.25 -0.   -0.    0.    0.
  0.    0.   -0.   -0.    0.    0.    0.    0.    0.   -0.   -0.01 -0.01
 -0.01  0.01  0.01  0.01 -0.25 -0.26 -0.25  0.25  0.26  0.25 -0.    0.  ]
orbital number 4 energy -8.07655086082638
[ 0.   -0.   -0.   -0.   -0.    0.   -0.    0.18  0.25  0.2   0.26  0.2
  0.25 -0.18 -0.25 -0.2  -0.26 -0.2  -0.25  0.   -0.   -0.01 -0.   -0.01
 -0.   -0.01  0.    0.01  0.    0.01  0.    0.01  0.    0.   -0.   -0.
 -0.   -0.   -0.   -0.   -0.    0.    0.   -0.    0.   -0.    0.25  0.26
  0.25 -0.25 -0.26 -0.25 -0.01 -0.01 -0.01  0.01  0.01  0.01  0.   -0.  ]
orbital number 5 energy -7.9716884781293125
[-0.28 -0.21 -0.28 -0.17 -0.16 -0.17 -0.04  0.02  0.04  0.03  0.05  0.03
  0.04  0.02  0.04  0.03  0.05  0.03  0.04 -0.04  0.02  0.04  0.03  0.05
  0.03  0.04  0.02  0.04  0.03  0.05  0.03  0.04 -0.17 -0.28 -0.21 -0.28
 -0.17 -0.16 -0.07 -0.07 -0.1  -0.07 -0.07 -0.1  -0.29 -0.29  0.04  0.05
  0.04  0.04  0.05  0.04  0.04  0.05  0.04  0.04  0.05  0.04 -0.29 -0.29]
orbital number 6 energy -7.951171995606204
[ 0.28  0.22  0.28  0.17  0.15  0.17 -0.04  0.02  0.04  0.03  0.05  0.03
  0.04  0.02  0.04  0.03  0.05  0.03  0.04  0.04 -0.02 -0.04 -0.03 -0.05
 -0.03 -0.04 -0.02 -0.04 -0.03 -0.05 -0.03 -0.04 -0.17 -0.28 -0.22 -0.28
 -0.17 -0.15 -0.02  0.02  0.05  0.02 -0.02 -0.05  0.3   0.3   0.04  0.05
  0.04  0.04  0.05  0.04 -0.04 -0.05 -0.04 -0.04 -0.05 -0.04 -0.3  -0.3 ]
orbital number 7 energy -7.178910108473227
[-0.31  0.    0.31  0.13 -0.   -0.13  0.    0.    0.01  0.   -0.   -0.01
 -0.01 -0.    0.01  0.01  0.   -0.   -0.01  0.    0.    0.03  0.01 -0.01
 -0.01 -0.02 -0.    0.02  0.01  0.01 -0.01 -0.03  0.07  0.16  0.   -0.16
 -0.07 -0.   -0.   -0.   -0.    0.    0.   -0.   -0.52  0.52  0.03 -0.01
 -0.02  0.02  0.01 -0.03  0.05 -0.01 -0.03  0.03  0.01 -0.05  0.28 -0.28]
orbital number 8 energy -7.178881400233107
[-0.16 -0.    0.16  0.07  0.   -0.07 -0.   -0.   -0.03 -0.01  0.01  0.01
  0.02  0.   -0.02 -0.01 -0.01  0.01  0.03 -0.    0.    0.01  0.   -0.
 -0.01 -0.01 -0.    0.01  0.01  0.   -0.   -0.01 -0.13 -0.31 -0.    0.31
  0.13  0.   -0.   -0.    0.    0.    0.    0.   -0.28  0.28 -0.05  0.01
  0.04 -0.04 -0.01  0.05  0.03 -0.01 -0.02  0.02  0.01 -0.03 -0.52  0.52]
orbital number 9 energy -7.171880897718239
[ 0.    0.01  0.   -0.01 -0.03 -0.01  0.05  0.09  0.1  -0.04 -0.2  -0.05
  0.09  0.09  0.09 -0.05 -0.2  -0.04  0.1   0.05  0.09  0.1  -0.04 -0.2
 -0.05  0.09  0.09  0.09 -0.05 -0.2  -0.04  0.1  -0.01  0.    0.01  0.
 -0.01 -0.03 -0.05 -0.05 -0.05 -0.05 -0.05 -0.05  0.    0.    0.18 -0.34
  0.15  0.15 -0.34  0.18  0.18 -0.34  0.15  0.15 -0.34  0.18  0.    0.  ]
orbital number 10 energy -7.170788523853542
[ 0.01 -0.01  0.01  0.01  0.01  0.01  0.04  0.09  0.1  -0.04 -0.2  -0.05
  0.09  0.09  0.09 -0.05 -0.2  -0.04  0.1  -0.04 -0.09 -0.11  0.04  0.2
  0.05 -0.09 -0.09 -0.09  0.05  0.2   0.04 -0.11 -0.01 -0.01  0.01 -0.01
 -0.01 -0.01 -0.    0.    0.    0.   -0.   -0.    0.02  0.02  0.18 -0.34
  0.15  0.16 -0.34  0.18 -0.18  0.35 -0.15 -0.15  0.35 -0.18 -0.02 -0.02]
orbital number 11 energy -7.1682292863077315
[ 0.   -0.    0.   -0.    0.   -0.    0.    0.01 -0.24 -0.11 -0.01  0.1
  0.25  0.01  0.25  0.1  -0.01 -0.11 -0.24 -0.   -0.    0.05  0.02  0.
 -0.02 -0.05 -0.   -0.05 -0.02  0.    0.02  0.05  0.   -0.   -0.   -0.
  0.    0.    0.    0.    0.    0.    0.    0.   -0.    0.   -0.41 -0.02
  0.42  0.42 -0.02 -0.4   0.08  0.   -0.09 -0.09  0.    0.08  0.   -0.  ]
orbital number 12 energy -7.168222732604114
[ 0.    0.    0.   -0.   -0.   -0.   -0.   -0.    0.05  0.02  0.   -0.02
 -0.05 -0.   -0.05 -0.02  0.    0.02  0.05 -0.   -0.01  0.24  0.11  0.01
 -0.1  -0.25 -0.01 -0.25 -0.1   0.01  0.11  0.24 -0.    0.    0.    0.
 -0.   -0.   -0.   -0.   -0.   -0.   -0.   -0.    0.    0.    0.08  0.
 -0.09 -0.08  0.    0.08  0.4   0.02 -0.42 -0.42  0.02  0.4   0.    0.  ]
orbital number 13 energy -7.16614375998704
[ 0.02 -0.   -0.02 -0.01  0.    0.01 -0.    0.01  0.22  0.09 -0.02 -0.09
 -0.2  -0.01  0.2   0.09  0.02 -0.09 -0.22  0.    0.    0.13  0.05 -0.01
 -0.06 -0.12 -0.    0.12  0.06  0.01 -0.05 -0.13 -0.01 -0.03 -0.    0.03
  0.01  0.   -0.    0.    0.    0.    0.    0.    0.03 -0.03  0.37 -0.03
 -0.34  0.34  0.03 -0.37  0.23 -0.02 -0.21  0.21  0.02 -0.23 -0.06  0.06]
orbital number 14 energy -7.166134244470259
[ 0.03  0.   -0.03 -0.01 -0.    0.01  0.   -0.   -0.13 -0.05  0.01  0.06
  0.12  0.   -0.12 -0.06 -0.01  0.05  0.13  0.    0.01  0.22  0.09 -0.02
 -0.09 -0.2  -0.01  0.2   0.09  0.02 -0.09 -0.22  0.01  0.02  0.   -0.02
 -0.01 -0.    0.    0.   -0.   -0.   -0.   -0.    0.06 -0.06 -0.23  0.02
  0.21 -0.21 -0.02  0.23  0.37 -0.03 -0.34  0.34  0.03 -0.37  0.03 -0.03]
orbital number 15 energy -7.148247658225715
[ 0.    0.   -0.   -0.   -0.    0.    0.   -0.1  -0.11  0.06  0.24  0.04
 -0.14  0.1   0.14 -0.04 -0.24 -0.06  0.11  0.    0.06  0.06 -0.03 -0.14
 -0.02  0.08 -0.06 -0.08  0.02  0.14  0.03 -0.06  0.    0.01  0.   -0.01
 -0.   -0.   -0.   -0.   -0.   -0.   -0.   -0.    0.01 -0.01 -0.19  0.42
 -0.24  0.24 -0.42  0.19  0.11 -0.24  0.14 -0.14  0.24 -0.11  0.01 -0.01]
orbital number 16 energy -7.148247006732167
[ 0.01  0.   -0.01 -0.   -0.    0.   -0.    0.06  0.06 -0.03 -0.14 -0.02
  0.08 -0.06 -0.08  0.02  0.14  0.03 -0.06  0.    0.1   0.11 -0.06 -0.24
 -0.04  0.14 -0.1  -0.14  0.04  0.24  0.06 -0.11 -0.   -0.    0.    0.
  0.   -0.   -0.   -0.   -0.   -0.   -0.   -0.    0.01 -0.01  0.11 -0.24
  0.14 -0.14  0.24 -0.11  0.19 -0.42  0.24 -0.24  0.42 -0.19 -0.01  0.01]
orbital number 17 energy -7.101656437552304
[-0.07 -0.06 -0.07  0.04  0.16  0.04 -0.01  0.01  0.01 -0.   -0.02 -0.
  0.01  0.01  0.01 -0.   -0.02 -0.    0.01 -0.01  0.01  0.01 -0.   -0.02
 -0.    0.01  0.01  0.01 -0.   -0.02 -0.    0.01  0.04 -0.07 -0.06 -0.07
  0.04  0.16  0.36  0.36  0.39  0.36  0.36  0.39 -0.13 -0.13  0.03 -0.04
  0.02  0.02 -0.04  0.03  0.03 -0.04  0.02  0.02 -0.04  0.03 -0.13 -0.13]
orbital number 18 energy -5.92962917355527
[ 0.01 -0.    0.01 -0.23 -0.39 -0.23  0.   -0.   -0.    0.    0.    0.
 -0.   -0.   -0.    0.    0.    0.   -0.   -0.    0.    0.   -0.   -0.
 -0.    0.    0.    0.   -0.   -0.   -0.    0.    0.23 -0.01  0.   -0.01
  0.23  0.39  0.11 -0.11 -0.29 -0.11  0.11  0.29  0.26  0.26  0.   -0.
  0.    0.   -0.    0.   -0.    0.   -0.   -0.    0.   -0.   -0.26 -0.26]
orbital number 19 energy -5.447577015916327
[-0.06 -0.11 -0.06 -0.26 -0.32 -0.26 -0.06 -0.02 -0.   -0.   -0.   -0.
 -0.   -0.02 -0.   -0.   -0.   -0.   -0.   -0.06 -0.02 -0.   -0.   -0.
 -0.   -0.   -0.02 -0.   -0.   -0.   -0.   -0.   -0.26 -0.06 -0.11 -0.06
 -0.26 -0.32  0.15  0.15  0.07  0.15  0.15  0.06  0.3   0.3   0.02  0.01
  0.02  0.02  0.01  0.02  0.02  0.01  0.02  0.02  0.01  0.02  0.3   0.3 ]
orbital number 20 energy -5.0465150864596735
[ 0.03  0.14  0.03 -0.01 -0.04 -0.01 -0.22 -0.2  -0.08 -0.11 -0.05 -0.11
 -0.08 -0.2  -0.08 -0.11 -0.05 -0.11 -0.08  0.22  0.2   0.08  0.11  0.05
  0.11  0.08  0.2   0.08  0.11  0.05  0.11  0.08  0.01 -0.03 -0.14 -0.03
  0.01  0.04  0.03 -0.03 -0.07 -0.03  0.03  0.07 -0.09 -0.09  0.22  0.16
  0.22  0.22  0.16  0.22 -0.22 -0.16 -0.22 -0.22 -0.16 -0.22  0.09  0.09]
orbital number 21 energy -5.024488644503066
[ 0.01  0.09  0.01 -0.06 -0.09 -0.06  0.2   0.21  0.08  0.12  0.06  0.12
  0.08  0.21  0.08  0.12  0.06  0.12  0.08  0.2   0.21  0.08  0.12  0.06
  0.12  0.08  0.21  0.08  0.12  0.06  0.12  0.08 -0.06  0.01  0.09  0.01
 -0.06 -0.09  0.03  0.03  0.01  0.03  0.03  0.01 -0.02 -0.02 -0.23 -0.17
 -0.23 -0.23 -0.17 -0.23 -0.23 -0.17 -0.23 -0.23 -0.17 -0.23 -0.02 -0.02]
orbital number 22 energy -4.8555248674092875
[ 0.   -0.   -0.   -0.    0.    0.   -0.    0.22  0.13  0.23  0.14  0.23
  0.13 -0.22 -0.13 -0.23 -0.14 -0.23 -0.13 -0.    0.02  0.01  0.03  0.02
  0.03  0.01 -0.02 -0.01 -0.03 -0.02 -0.03 -0.01 -0.   -0.   -0.    0.
  0.    0.   -0.   -0.   -0.    0.    0.    0.   -0.    0.   -0.3  -0.32
 -0.3   0.3   0.32  0.3  -0.03 -0.04 -0.03  0.03  0.04  0.03  0.   -0.  ]
orbital number 23 energy -4.85551884971933
[ 0.   -0.   -0.   -0.    0.    0.    0.   -0.02 -0.01 -0.03 -0.02 -0.03
 -0.01  0.02  0.01  0.03  0.02  0.03  0.01 -0.    0.22  0.13  0.23  0.14
  0.23  0.13 -0.22 -0.13 -0.23 -0.14 -0.23 -0.13  0.    0.    0.   -0.
 -0.    0.    0.    0.    0.   -0.   -0.   -0.   -0.    0.    0.03  0.04
  0.03 -0.03 -0.04 -0.03 -0.3  -0.32 -0.3   0.3   0.32  0.3  -0.    0.  ]
orbital number 24 energy -4.561623364258678
[-0.13 -0.31 -0.13 -0.06  0.07 -0.06  0.15  0.   -0.04 -0.1  -0.07 -0.1
 -0.03  0.   -0.03 -0.1  -0.07 -0.1  -0.04 -0.15 -0.    0.04  0.1   0.07
  0.1   0.03 -0.    0.03  0.1   0.07  0.1   0.04  0.06  0.13  0.31  0.13
  0.06 -0.07 -0.14  0.14  0.3   0.14 -0.14 -0.3   0.23  0.23  0.06  0.13
  0.06  0.06  0.13  0.06 -0.06 -0.13 -0.06 -0.06 -0.13 -0.06 -0.23 -0.23]
orbital number 25 energy -4.399779700237546
[-0.    0.    0.    0.01 -0.   -0.01 -0.   -0.    0.   -0.   -0.   -0.
 -0.    0.    0.    0.    0.    0.   -0.    0.    0.   -0.    0.    0.
  0.    0.   -0.   -0.   -0.   -0.   -0.    0.   -0.01 -0.   -0.    0.
  0.01  0.   -0.5  -0.5  -0.    0.5   0.5   0.    0.   -0.    0.    0.
  0.   -0.   -0.   -0.   -0.   -0.   -0.    0.    0.    0.    0.   -0.  ]
orbital number 26 energy -4.261826206958186
[ 0.09  0.33  0.09 -0.1  -0.2  -0.1   0.27  0.11 -0.02 -0.14 -0.12 -0.14
 -0.02  0.11 -0.02 -0.14 -0.12 -0.14 -0.02  0.27  0.11 -0.02 -0.14 -0.12
 -0.14 -0.02  0.11 -0.02 -0.14 -0.12 -0.14 -0.02 -0.1   0.09  0.33  0.09
 -0.1  -0.2   0.06  0.06  0.    0.06  0.06  0.   -0.13 -0.13  0.02  0.18
  0.02  0.02  0.18  0.02  0.02  0.18  0.02  0.02  0.18  0.02 -0.13 -0.13]
orbital number 27 energy -3.9356582297106995
[-0.04  0.06 -0.04 -0.13 -0.09 -0.13 -0.24 -0.19 -0.02  0.14  0.14  0.14
 -0.02 -0.19 -0.02  0.14  0.14  0.14 -0.02  0.24  0.19  0.02 -0.14 -0.14
 -0.14  0.02  0.19  0.02 -0.14 -0.14 -0.14  0.02  0.13  0.04 -0.06  0.04
  0.13  0.09 -0.16  0.16  0.29  0.16 -0.16 -0.29  0.04  0.04  0.03 -0.17
  0.03  0.03 -0.17  0.03 -0.03  0.17 -0.03 -0.03  0.17 -0.03 -0.04 -0.04]
orbital number 28 energy -3.515449391791969
[ 0.13  0.3   0.13 -0.07 -0.19 -0.07 -0.09 -0.23 -0.07  0.11  0.14  0.13
 -0.05 -0.23 -0.05  0.13  0.14  0.11 -0.07 -0.09 -0.23 -0.07  0.11  0.14
  0.13 -0.05 -0.23 -0.05  0.13  0.14  0.11 -0.07 -0.07  0.13  0.3   0.13
 -0.07 -0.19  0.06  0.05 -0.01  0.05  0.06 -0.01 -0.14 -0.14  0.07 -0.15
  0.05  0.05 -0.15  0.07  0.07 -0.15  0.05  0.05 -0.15  0.07 -0.14 -0.14]
orbital number 29 energy -3.4438219287678775
[-0.24 -0.    0.24  0.36  0.   -0.36  0.   -0.01 -0.    0.01  0.01  0.
 -0.    0.01  0.   -0.   -0.01 -0.01  0.    0.   -0.01 -0.    0.01  0.01
  0.   -0.    0.01  0.   -0.   -0.01 -0.01  0.    0.37  0.24 -0.   -0.24
 -0.37  0.    0.   -0.   -0.    0.   -0.    0.    0.23 -0.23  0.   -0.01
  0.   -0.    0.01 -0.    0.   -0.01  0.   -0.    0.01 -0.   -0.24  0.24]
orbital number 30 energy -3.4432027210041585
[-0.24  0.    0.24  0.37 -0.   -0.37  0.    0.01  0.   -0.01 -0.01 -0.
  0.   -0.01 -0.    0.    0.01  0.01 -0.   -0.   -0.01 -0.    0.01  0.01
  0.   -0.    0.01  0.   -0.   -0.01 -0.01  0.   -0.36 -0.24 -0.    0.24
  0.36  0.    0.01  0.01  0.   -0.01 -0.01 -0.    0.24 -0.24 -0.    0.01
 -0.    0.   -0.01  0.    0.   -0.01  0.   -0.    0.01 -0.    0.23 -0.23]
orbital number 31 energy -3.4060016370644948
[-0.   -0.01 -0.    0.01  0.01  0.01  0.   -0.01 -0.18 -0.26  0.    0.27
  0.17 -0.01  0.17  0.27  0.   -0.26 -0.17  0.    0.01  0.17  0.26 -0.
 -0.26 -0.17  0.01 -0.16 -0.26 -0.    0.25  0.17 -0.01  0.    0.01  0.
 -0.01 -0.01  0.01 -0.01 -0.01 -0.01  0.01  0.01  0.    0.    0.17 -0.
 -0.17 -0.16 -0.    0.17 -0.17  0.    0.16  0.16  0.   -0.16 -0.   -0.  ]
orbital number 32 energy -3.405525626285453
[-0.01 -0.01 -0.01  0.    0.01  0.    0.    0.01 -0.17 -0.27 -0.01  0.26
  0.17  0.01  0.17  0.25 -0.01 -0.26 -0.16  0.    0.01 -0.17 -0.27 -0.01
  0.26  0.18  0.01  0.17  0.26 -0.01 -0.27 -0.17  0.   -0.01 -0.01 -0.01
  0.    0.01 -0.   -0.    0.   -0.   -0.    0.    0.01  0.01  0.16  0.01
 -0.17 -0.16  0.01  0.16  0.17  0.01 -0.17 -0.17  0.01  0.16  0.01  0.01]
orbital number 33 energy -3.405109600593426
[-0.    0.    0.    0.   -0.   -0.   -0.    0.01 -0.22 -0.35 -0.01  0.34
  0.22 -0.01 -0.23 -0.35  0.01  0.36  0.23 -0.    0.   -0.08 -0.13 -0.
  0.12  0.08 -0.   -0.09 -0.13  0.    0.14  0.09  0.01  0.    0.   -0.
 -0.01 -0.   -0.    0.    0.    0.    0.   -0.    0.   -0.    0.21  0.01
 -0.22  0.23 -0.01 -0.22  0.08  0.   -0.08  0.09 -0.   -0.08 -0.    0.  ]
orbital number 34 energy -3.4050933491846114
[-0.   -0.    0.    0.01  0.   -0.01 -0.   -0.    0.08  0.13  0.   -0.13
 -0.09  0.    0.09  0.13 -0.   -0.13 -0.08 -0.    0.01 -0.22 -0.35 -0.01
  0.34  0.23 -0.01 -0.23 -0.34  0.01  0.35  0.22 -0.   -0.    0.    0.
  0.   -0.    0.    0.   -0.   -0.   -0.    0.    0.   -0.   -0.08 -0.
  0.08 -0.08  0.    0.08  0.21  0.01 -0.22  0.22 -0.01 -0.22  0.   -0.  ]
orbital number 35 energy -3.285018414677556
[ 0.11  0.32  0.11 -0.15 -0.22 -0.15  0.    0.17  0.05 -0.09 -0.1  -0.07
  0.06  0.17  0.06 -0.07 -0.1  -0.09  0.05 -0.   -0.17 -0.05  0.09  0.1
  0.07 -0.06 -0.17 -0.06  0.07  0.1   0.09 -0.05  0.15 -0.11 -0.32 -0.11
  0.15  0.22 -0.15  0.15  0.25  0.15 -0.15 -0.25 -0.1  -0.1  -0.04  0.1
 -0.06 -0.06  0.1  -0.04  0.04 -0.1   0.06  0.06 -0.1   0.04  0.1   0.1 ]
orbital number 36 energy -3.281481589867769
[ 0.01 -0.   -0.01 -0.01  0.    0.01 -0.   -0.24 -0.08  0.11  0.15  0.12
 -0.08  0.24  0.08 -0.12 -0.15 -0.11  0.08  0.   -0.37 -0.13  0.16  0.23
  0.18 -0.12  0.37  0.12 -0.18 -0.23 -0.16  0.13 -0.01 -0.    0.    0.01
  0.01 -0.    0.   -0.   -0.   -0.    0.    0.   -0.01  0.01  0.08 -0.14
  0.07 -0.07  0.14 -0.08  0.12 -0.22  0.11 -0.11  0.22 -0.12  0.01 -0.01]
orbital number 37 energy -3.281435544251934
[ 0.01  0.   -0.   -0.01 -0.    0.01  0.    0.37  0.13 -0.16 -0.23 -0.18
  0.12 -0.37 -0.12  0.18  0.23  0.16 -0.13  0.   -0.24 -0.08  0.11  0.15
  0.12 -0.08  0.24  0.08 -0.12 -0.15 -0.11  0.08  0.01  0.01 -0.   -0.01
 -0.01  0.   -0.   -0.    0.    0.    0.   -0.   -0.01  0.01 -0.12  0.22
 -0.11  0.11 -0.22  0.12  0.08 -0.14  0.07 -0.07  0.14 -0.08 -0.01  0.01]
orbital number 38 energy 0.0
[-0.14 -0.01 -0.14 -0.03  0.15 -0.03  0.52 -0.06 -0.13  0.02  0.13  0.02
 -0.13 -0.06 -0.13  0.02  0.13  0.02 -0.13  0.52 -0.06 -0.13  0.02  0.13
  0.02 -0.13 -0.06 -0.13  0.02  0.13  0.02 -0.13 -0.03 -0.14 -0.01 -0.14
 -0.03  0.15 -0.05 -0.05  0.06 -0.05 -0.05  0.06  0.08  0.08  0.07 -0.07
  0.07  0.07 -0.07  0.07  0.07 -0.07  0.07  0.07 -0.07  0.07  0.08  0.08]
orbital number 39 energy 0.05653734821576073
[ 0.14  0.03  0.14  0.   -0.14  0.    0.53 -0.06 -0.14  0.02  0.13  0.02
 -0.13 -0.06 -0.13  0.02  0.13  0.02 -0.14 -0.53  0.06  0.14 -0.02 -0.13
 -0.02  0.13  0.06  0.13 -0.02 -0.13 -0.02  0.14 -0.   -0.14 -0.03 -0.14
 -0.    0.14 -0.04  0.04  0.03  0.04 -0.04 -0.03 -0.08 -0.08  0.07 -0.07
  0.07  0.07 -0.07  0.07 -0.07  0.07 -0.07 -0.07  0.07 -0.07  0.08  0.08]
orbital number 40 energy 2.561759761214848
[ 0.06 -0.24  0.06  0.21 -0.22  0.21  0.12  0.03 -0.05 -0.01  0.05 -0.01
 -0.05  0.03 -0.05 -0.01  0.05 -0.01 -0.05  0.12  0.03 -0.05 -0.01  0.05
 -0.01 -0.05  0.03 -0.05 -0.01  0.05 -0.01 -0.05  0.21  0.06 -0.24  0.06
  0.21 -0.22  0.23  0.23 -0.41  0.23  0.23 -0.41 -0.02 -0.02  0.02 -0.02
  0.02  0.02 -0.02  0.02  0.02 -0.02  0.02  0.02 -0.02  0.02 -0.02 -0.02]
orbital number 41 energy 3.264744394591264
[-0.01 -0.    0.01 -0.01 -0.    0.01 -0.   -0.    0.    0.   -0.    0.
  0.    0.   -0.   -0.    0.   -0.   -0.    0.   -0.    0.    0.   -0.
  0.    0.    0.   -0.   -0.    0.   -0.   -0.   -0.01  0.01  0.   -0.01
  0.01  0.   -0.5   0.5  -0.   -0.5   0.5   0.    0.   -0.   -0.    0.
 -0.    0.   -0.    0.   -0.    0.   -0.    0.   -0.    0.   -0.    0.  ]
orbital number 42 energy 3.4154031085116605
[ 0.16 -0.33  0.16  0.2  -0.37  0.2  -0.07 -0.1   0.07  0.05 -0.12  0.04
  0.08 -0.1   0.08  0.04 -0.12  0.05  0.07  0.07  0.1  -0.07 -0.05  0.12
 -0.04 -0.08  0.1  -0.08 -0.04  0.12 -0.05 -0.07 -0.2  -0.16  0.33 -0.16
 -0.2   0.37 -0.12  0.12 -0.02  0.12 -0.12  0.02 -0.06 -0.06 -0.03  0.05
 -0.03 -0.03  0.05 -0.03  0.03 -0.05  0.03  0.03 -0.05  0.03  0.06  0.06]
orbital number 43 energy 3.679354152206783
[-0.01  0.    0.01 -0.01  0.    0.01  0.   -0.35  0.21  0.16 -0.39  0.18
  0.19  0.35 -0.19 -0.18  0.39 -0.16 -0.21  0.   -0.12  0.07  0.05 -0.13
  0.06  0.06  0.12 -0.06 -0.06  0.13 -0.05 -0.07 -0.03  0.03 -0.   -0.03
  0.03 -0.    0.   -0.   -0.    0.   -0.   -0.    0.   -0.   -0.08  0.14
 -0.07  0.07 -0.14  0.08 -0.03  0.05 -0.02  0.02 -0.05  0.03 -0.01  0.01]
orbital number 44 energy 3.6794130667467195
[-0.03 -0.    0.03 -0.03 -0.    0.03 -0.    0.12 -0.07 -0.05  0.13 -0.06
 -0.06 -0.12  0.06  0.06 -0.13  0.05  0.07  0.   -0.35  0.21  0.16 -0.39
  0.18  0.19  0.35 -0.19 -0.18  0.39 -0.16 -0.21  0.01 -0.01  0.    0.01
 -0.01  0.    0.   -0.    0.    0.   -0.    0.    0.01 -0.01  0.03 -0.05
  0.02 -0.02  0.05 -0.03 -0.08  0.14 -0.07  0.07 -0.14  0.08  0.   -0.  ]
orbital number 45 energy 3.736191702648739
[ 0.34 -0.   -0.34  0.3  -0.   -0.3   0.   -0.02  0.    0.01 -0.02  0.
  0.01  0.02 -0.01 -0.    0.02 -0.01 -0.   -0.   -0.02  0.    0.01 -0.02
  0.    0.01  0.02 -0.01 -0.    0.02 -0.01 -0.    0.34 -0.38  0.    0.38
 -0.34  0.   -0.01  0.01  0.   -0.01  0.01  0.   -0.12  0.12 -0.    0.01
 -0.01  0.01 -0.01  0.   -0.    0.01 -0.    0.   -0.01  0.    0.14 -0.14]
orbital number 46 energy 3.7363158151643816
[ 0.38  0.   -0.38  0.34  0.   -0.34 -0.    0.01 -0.   -0.01  0.02 -0.
 -0.01 -0.01  0.01  0.   -0.02  0.01  0.    0.   -0.02  0.    0.01 -0.02
  0.    0.01  0.02 -0.01 -0.    0.02 -0.01 -0.   -0.3   0.34 -0.   -0.34
  0.3  -0.    0.    0.   -0.   -0.   -0.   -0.   -0.14  0.14  0.   -0.01
  0.   -0.    0.01 -0.   -0.    0.01 -0.01  0.01 -0.01  0.   -0.12  0.12]
orbital number 47 energy 3.769062331978019
[ 0.   -0.    0.   -0.   -0.   -0.   -0.    0.    0.28 -0.25  0.    0.25
 -0.29  0.   -0.29  0.25  0.   -0.25  0.29 -0.    0.    0.22 -0.2   0.
  0.19 -0.22  0.   -0.23  0.2   0.   -0.2   0.22 -0.    0.   -0.    0.
 -0.   -0.   -0.   -0.    0.01 -0.   -0.    0.01 -0.   -0.   -0.1  -0.
  0.1   0.1  -0.   -0.1  -0.08 -0.    0.08  0.08 -0.   -0.08 -0.   -0.  ]
orbital number 48 energy 3.7691378122436507
[ 0.   -0.    0.    0.   -0.    0.   -0.   -0.    0.22 -0.19 -0.    0.19
 -0.22 -0.   -0.22  0.2  -0.   -0.2   0.22  0.    0.   -0.28  0.25  0.
 -0.25  0.28  0.    0.29 -0.25  0.    0.25 -0.29 -0.   -0.    0.   -0.
 -0.    0.   -0.    0.   -0.    0.   -0.   -0.   -0.   -0.   -0.08  0.
  0.08  0.08  0.   -0.08  0.1  -0.   -0.1  -0.1  -0.    0.1   0.    0.  ]
orbital number 49 energy 3.770553589339923
[ 0.   -0.   -0.    0.   -0.   -0.   -0.    0.01  0.35 -0.32  0.01  0.3
 -0.36 -0.01  0.35 -0.3  -0.01  0.31 -0.34 -0.    0.    0.09 -0.08  0.
  0.08 -0.1  -0.    0.09 -0.08 -0.    0.08 -0.09  0.01 -0.01  0.    0.01
 -0.01  0.   -0.    0.    0.   -0.    0.    0.   -0.    0.   -0.13 -0.
  0.13 -0.13  0.    0.12 -0.03 -0.    0.03 -0.03  0.    0.03  0.   -0.  ]
orbital number 50 energy 3.770575302703345
[ 0.01  0.   -0.01  0.01  0.   -0.01  0.   -0.   -0.09  0.08 -0.   -0.08
  0.09  0.   -0.09  0.08  0.   -0.08  0.09 -0.    0.01  0.35 -0.32  0.01
  0.3  -0.36 -0.01  0.35 -0.3  -0.01  0.31 -0.34 -0.    0.   -0.   -0.
  0.   -0.   -0.    0.    0.   -0.    0.    0.   -0.    0.    0.03  0.
 -0.03  0.03 -0.   -0.03 -0.13 -0.    0.13 -0.13  0.    0.12 -0.    0.  ]
orbital number 51 energy 3.924473460746091
[-0.13  0.15 -0.13 -0.01  0.15 -0.01  0.12 -0.22  0.11  0.11 -0.24  0.12
  0.1  -0.22  0.1   0.12 -0.24  0.11  0.11  0.12 -0.22  0.11  0.11 -0.24
  0.12  0.1  -0.22  0.1   0.12 -0.24  0.11  0.11 -0.01 -0.13  0.15 -0.13
 -0.01  0.15  0.11  0.11 -0.24  0.11  0.11 -0.24  0.05  0.05 -0.04  0.09
 -0.03 -0.03  0.09 -0.04 -0.04  0.09 -0.03 -0.03  0.09 -0.04  0.05  0.05]
orbital number 52 energy 4.129618557050309
[ 0.01 -0.12  0.01  0.1  -0.15  0.1  -0.24  0.24 -0.09 -0.13  0.26 -0.13
 -0.09  0.24 -0.09 -0.13  0.26 -0.13 -0.09  0.24 -0.24  0.09  0.13 -0.26
  0.14  0.09 -0.24  0.09  0.13 -0.26  0.13  0.09 -0.1  -0.01  0.12 -0.01
 -0.1   0.15 -0.06  0.06 -0.02  0.06 -0.06  0.02 -0.   -0.    0.03 -0.09
  0.03  0.03 -0.09  0.03 -0.03  0.09 -0.03 -0.03  0.09 -0.03  0.    0.  ]
orbital number 53 energy 4.3645718371314
[-0.14  0.27 -0.14 -0.1   0.28 -0.1  -0.21  0.13 -0.03 -0.09  0.15 -0.09
 -0.04  0.13 -0.04 -0.09  0.15 -0.09 -0.03 -0.21  0.13 -0.03 -0.09  0.15
 -0.09 -0.04  0.13 -0.04 -0.09  0.15 -0.09 -0.03 -0.1  -0.14  0.27 -0.14
 -0.1   0.28  0.12  0.12 -0.29  0.12  0.12 -0.29  0.05  0.05  0.01 -0.05
  0.01  0.01 -0.05  0.01  0.01 -0.05  0.01  0.01 -0.05  0.01  0.05  0.05]
orbital number 54 energy 5.673518398000386
[ 0.22 -0.25  0.22 -0.15  0.05 -0.15 -0.07 -0.01  0.03 -0.04  0.04 -0.04
  0.02 -0.01  0.02 -0.04  0.04 -0.04  0.03  0.07  0.01 -0.03  0.04 -0.04
  0.04 -0.02  0.01 -0.02  0.04 -0.04  0.04 -0.03  0.15 -0.22  0.25 -0.22
  0.15 -0.05  0.3  -0.3   0.29 -0.3   0.3  -0.29 -0.06 -0.06 -0.01 -0.01
 -0.01 -0.01 -0.01 -0.01  0.01  0.01  0.01  0.01  0.01  0.01  0.06  0.06]
orbital number 55 energy 6.1328697622164565
[ 0.23 -0.21  0.23 -0.24  0.26 -0.24  0.    0.1  -0.11  0.11 -0.11  0.11
 -0.11  0.1  -0.11  0.11 -0.11  0.11 -0.11  0.    0.1  -0.11  0.11 -0.11
  0.11 -0.11  0.1  -0.11  0.11 -0.12  0.11 -0.11 -0.23  0.23 -0.21  0.23
 -0.23  0.26  0.03  0.03 -0.11  0.03  0.03 -0.11 -0.06 -0.06  0.03  0.03
  0.03  0.03  0.03  0.03  0.03  0.03  0.03  0.03  0.03  0.03 -0.06 -0.06]
orbital number 56 energy 6.14084867264112
[-0.    0.   -0.    0.   -0.    0.   -0.    0.27 -0.28  0.28 -0.3   0.28
 -0.28 -0.27  0.28 -0.28  0.3  -0.28  0.28  0.    0.   -0.    0.   -0.
  0.   -0.   -0.    0.   -0.    0.   -0.    0.   -0.    0.    0.   -0.
  0.   -0.   -0.   -0.    0.   -0.    0.    0.    0.    0.    0.08  0.08
  0.08 -0.08 -0.08 -0.08  0.    0.    0.   -0.   -0.   -0.   -0.    0.  ]
orbital number 57 energy 6.140890367861587
[-0.   -0.    0.   -0.    0.   -0.    0.   -0.    0.   -0.    0.   -0.
  0.    0.   -0.    0.   -0.    0.   -0.    0.    0.27 -0.28  0.28 -0.3
  0.28 -0.28 -0.27  0.28 -0.28  0.3  -0.28  0.28 -0.    0.   -0.    0.
 -0.    0.    0.    0.   -0.    0.    0.   -0.    0.   -0.   -0.   -0.
 -0.    0.    0.    0.    0.08  0.08  0.08 -0.08 -0.08 -0.08 -0.   -0.  ]
orbital number 58 energy 6.244349655060766
[ 0.05 -0.02  0.05 -0.07  0.11 -0.07  0.1  -0.2   0.19 -0.17  0.18 -0.17
  0.19 -0.2   0.19 -0.17  0.18 -0.17  0.19 -0.1   0.2  -0.19  0.17 -0.18
  0.17 -0.19  0.2  -0.19  0.17 -0.18  0.17 -0.19  0.07 -0.05  0.02 -0.05
  0.07 -0.11 -0.12  0.12 -0.14  0.12 -0.12  0.14 -0.01 -0.01 -0.05 -0.05
 -0.05 -0.05 -0.05 -0.05  0.05  0.05  0.05  0.05  0.05  0.05  0.01  0.01]
orbital number 59 energy 6.308097465417301
[-0.15  0.17 -0.15  0.14 -0.14  0.14 -0.14  0.19 -0.17  0.15 -0.15  0.15
 -0.17  0.19 -0.17  0.15 -0.15  0.15 -0.17 -0.14  0.19 -0.17  0.15 -0.15
  0.15 -0.17  0.19 -0.17  0.15 -0.15  0.15 -0.17  0.14 -0.15  0.17 -0.15
  0.14 -0.14 -0.02 -0.02  0.06 -0.02 -0.02  0.06  0.04  0.04  0.05  0.04
  0.05  0.05  0.04  0.05  0.05  0.04  0.05  0.05  0.04  0.05  0.04  0.04]
orbital number 60 energy 6.406383194643503
[ 0.2  -0.19  0.2  -0.21  0.27 -0.21 -0.09  0.09 -0.07  0.06 -0.06  0.06
 -0.07  0.09 -0.07  0.06 -0.06  0.06 -0.07  0.09 -0.09  0.07 -0.06  0.06
 -0.06  0.07 -0.09  0.07 -0.06  0.06 -0.06  0.07  0.21 -0.2   0.19 -0.2
  0.21 -0.27 -0.21  0.21 -0.26  0.21 -0.21  0.26 -0.05 -0.05  0.02  0.02
  0.02  0.02  0.02  0.02 -0.02 -0.02 -0.02 -0.02 -0.02 -0.02  0.05  0.05]