orbital number 1 energy -8.12690849669095
[0.09 0.08 0.09 0.05 0.05 0.05 0.05 0.14 0.18 0.13 0.17 0.13 0.17 0.14
 0.17 0.13 0.17 0.13 0.18 0.05 0.14 0.18 0.13 0.17 0.13 0.17 0.14 0.17
 0.13 0.17 0.13 0.18 0.05 0.09 0.08 0.09 0.05 0.05 0.02 0.02 0.03 0.02
 0.02 0.03 0.09 0.09 0.17 0.16 0.17 0.17 0.16 0.17 0.17 0.17 0.17 0.17
 0.17 0.17 0.09 0.09]
orbital number 2 energy -8.126198461576845
[ 0.08  0.07  0.08  0.04  0.04  0.04 -0.05 -0.14 -0.18 -0.13 -0.17 -0.13
 -0.18 -0.14 -0.18 -0.13 -0.17 -0.13 -0.18  0.05  0.14  0.18  0.13  0.17
  0.13  0.18  0.14  0.18  0.13  0.17  0.13  0.18 -0.04 -0.08 -0.07 -0.08
 -0.04 -0.04 -0.    0.    0.01  0.   -0.   -0.01  0.07  0.07 -0.17 -0.17
 -0.17 -0.17 -0.17 -0.17  0.17  0.17  0.17  0.17  0.17  0.17 -0.07 -0.07]
orbital number 3 energy -8.076563731623775
[ 0.   -0.   -0.   -0.   -0.    0.    0.   -0.   -0.   -0.   -0.   -0.
 -0.    0.    0.    0.    0.    0.    0.   -0.   -0.18 -0.25 -0.2  -0.26
 -0.2  -0.25  0.18  0.25  0.2   0.26  0.2   0.25 -0.   -0.   -0.   -0.
 -0.   -0.   -0.   -0.   -0.   -0.   -0.   -0.    0.   -0.   -0.   -0.
 -0.    0.    0.    0.   -0.25 -0.26 -0.25  0.25  0.26  0.25 -0.    0.  ]
orbital number 4 energy -8.076550860826384
[-0.   -0.   -0.   -0.   -0.   -0.   -0.    0.18  0.25  0.2   0.26  0.2
  0.25 -0.18 -0.25 -0.2  -0.26 -0.2  -0.25  0.   -0.   -0.   -0.   -0.
 -0.   -0.    0.    0.    0.    0.    0.    0.    0.    0.   -0.   -0.
 -0.   -0.   -0.   -0.   -0.   -0.   -0.   -0.   -0.   -0.    0.25  0.26
  0.25 -0.25 -0.26 -0.25 -0.   -0.   -0.    0.    0.    0.    0.   -0.  ]
orbital number 5 energy -7.9716884781293125
[ 0.27  0.21  0.27  0.17  0.16  0.17  0.02 -0.03 -0.05 -0.04 -0.06 -0.04
 -0.05 -0.03 -0.05 -0.04 -0.06 -0.04 -0.05  0.02 -0.03 -0.05 -0.04 -0.06
 -0.04 -0.05 -0.03 -0.05 -0.04 -0.06 -0.04 -0.05  0.17  0.27  0.21  0.27
  0.17  0.16  0.07  0.07  0.1   0.07  0.07  0.1   0.28  0.28 -0.06 -0.06
 -0.05 -0.05 -0.06 -0.06 -0.06 -0.06 -0.05 -0.05 -0.06 -0.06  0.28  0.28]
orbital number 6 energy -7.951171995606204
[-0.28 -0.22 -0.28 -0.17 -0.15 -0.17  0.02 -0.03 -0.04 -0.04 -0.05 -0.04
 -0.04 -0.03 -0.04 -0.04 -0.05 -0.04 -0.04 -0.02  0.03  0.04  0.04  0.05
  0.04  0.04  0.03  0.04  0.04  0.05  0.04  0.04  0.17  0.28  0.22  0.28
  0.17  0.15  0.02 -0.02 -0.05 -0.02  0.02  0.05 -0.29 -0.29 -0.05 -0.05
 -0.05 -0.05 -0.05 -0.05  0.05  0.05  0.05  0.05  0.05  0.05  0.29  0.29]
orbital number 7 energy -7.178910108473229
[ 0.29 -0.   -0.29 -0.13  0.    0.13 -0.   -0.   -0.   -0.    0.    0.
  0.    0.   -0.   -0.   -0.    0.    0.   -0.   -0.   -0.   -0.    0.
  0.    0.    0.   -0.   -0.   -0.    0.    0.   -0.09 -0.2  -0.    0.2
  0.09  0.   -0.    0.    0.   -0.    0.    0.    0.49 -0.49 -0.    0.
  0.   -0.   -0.    0.   -0.    0.    0.   -0.   -0.    0.   -0.33  0.33]
orbital number 8 energy -7.178881400233113
[-0.2  -0.    0.2   0.09  0.   -0.09 -0.   -0.   -0.   -0.    0.    0.
  0.    0.   -0.   -0.   -0.    0.    0.   -0.    0.    0.    0.   -0.
 -0.   -0.   -0.    0.    0.    0.   -0.   -0.   -0.13 -0.29 -0.    0.29
  0.13  0.   -0.   -0.    0.    0.    0.    0.   -0.33  0.33 -0.    0.
  0.   -0.   -0.    0.    0.   -0.   -0.    0.    0.   -0.   -0.49  0.49]
orbital number 9 energy -7.171880897718239
[-0.05 -0.05 -0.05  0.03  0.12  0.03 -0.02 -0.05 -0.12 -0.    0.11  0.05
  0.01 -0.05  0.01  0.05  0.11 -0.   -0.12 -0.02 -0.05 -0.12 -0.    0.11
  0.05  0.01 -0.05  0.01  0.05  0.11 -0.   -0.12  0.03 -0.05 -0.05 -0.05
  0.03  0.12  0.28  0.28  0.3   0.28  0.28  0.3  -0.09 -0.09 -0.2   0.19
  0.02  0.02  0.19 -0.2  -0.2   0.19  0.02  0.02  0.19 -0.2  -0.09 -0.09]
orbital number 10 energy -7.170788523853544
[ 0.   -0.    0.    0.    0.    0.    0.01  0.04  0.2   0.04 -0.1  -0.09
 -0.11  0.04 -0.11 -0.09 -0.1   0.04  0.2  -0.01 -0.04 -0.2  -0.04  0.1
  0.09  0.11 -0.04  0.11  0.09  0.1  -0.04 -0.2  -0.   -0.    0.   -0.
 -0.   -0.   -0.    0.    0.    0.   -0.   -0.    0.01  0.01  0.34 -0.16
 -0.19 -0.18 -0.16  0.34 -0.34  0.16  0.18  0.19  0.16 -0.34 -0.01 -0.01]
orbital number 11 energy -7.168229286307743
[-0.03 -0.02 -0.02  0.01  0.05  0.01 -0.    0.02  0.26  0.09 -0.05 -0.11
 -0.21 -0.01  0.03  0.02  0.02 -0.01 -0.05 -0.   -0.01 -0.03 -0.01  0.02
  0.01  0.01  0.02 -0.2  -0.1  -0.04  0.08  0.24  0.01 -0.03 -0.02 -0.02
  0.01  0.05  0.12  0.12  0.13  0.12  0.12  0.13 -0.05 -0.04  0.44 -0.08
 -0.36  0.04  0.04 -0.08 -0.05  0.03  0.02 -0.34 -0.07  0.41 -0.05 -0.04]
orbital number 12 energy -7.168222732604129
[ 0.01  0.    0.   -0.   -0.01 -0.    0.    0.02  0.18  0.06 -0.04 -0.08
 -0.14 -0.02  0.17  0.1   0.05 -0.07 -0.22  0.    0.02  0.16  0.05 -0.04
 -0.07 -0.12 -0.02  0.16  0.09  0.04 -0.07 -0.2  -0.    0.    0.    0.01
 -0.   -0.01 -0.02 -0.02 -0.02 -0.02 -0.02 -0.02  0.01  0.    0.31 -0.07
 -0.23  0.3   0.08 -0.38  0.27 -0.07 -0.21  0.27  0.07 -0.34  0.    0.01]
orbital number 13 energy -7.16614375998705
[-0.03 -0.02 -0.03  0.01  0.06  0.02 -0.   -0.    0.02  0.01  0.01 -0.01
 -0.03  0.01 -0.18 -0.09 -0.04  0.08  0.22 -0.    0.02  0.27  0.1  -0.05
 -0.12 -0.22 -0.01  0.01  0.01  0.02 -0.   -0.03  0.01 -0.03 -0.02 -0.03
  0.01  0.06  0.13  0.13  0.14  0.13  0.13  0.14 -0.05 -0.05  0.03  0.02
 -0.05 -0.31 -0.06  0.38  0.46 -0.08 -0.38  0.02  0.04 -0.05 -0.05 -0.05]
orbital number 14 energy -7.166134244470262
[ 0.   -0.    0.    0.    0.01  0.    0.03  0.08  0.01 -0.08 -0.18 -0.
  0.17  0.08  0.17 -0.   -0.18 -0.08  0.01 -0.03 -0.08 -0.01  0.07  0.18
  0.   -0.17 -0.08 -0.17  0.    0.18  0.08 -0.01 -0.   -0.    0.   -0.
 -0.   -0.01 -0.    0.    0.    0.   -0.   -0.    0.01  0.01  0.01 -0.3
  0.29  0.29 -0.3   0.01 -0.01  0.3  -0.29 -0.29  0.3  -0.01 -0.01 -0.01]
orbital number 15 energy -7.148247658225721
[-0.04 -0.03 -0.04  0.01  0.06  0.01  0.02  0.08  0.03 -0.06 -0.17 -0.01
  0.14  0.07  0.14 -0.01 -0.17 -0.06  0.03  0.02  0.08  0.03 -0.06 -0.17
 -0.01  0.14  0.08  0.14 -0.01 -0.17 -0.06  0.03  0.01 -0.04 -0.03 -0.04
  0.01  0.06  0.16  0.16  0.17  0.16  0.16  0.17 -0.07 -0.07  0.04 -0.29
  0.24  0.24 -0.29  0.04  0.04 -0.29  0.24  0.24 -0.29  0.04 -0.07 -0.07]
orbital number 16 energy -7.148247006732172
[ 0.   -0.   -0.   -0.    0.    0.    0.   -0.1  -0.08  0.07  0.23  0.03
 -0.17  0.1   0.17 -0.03 -0.23 -0.07  0.08  0.    0.06  0.04 -0.04 -0.14
 -0.02  0.1  -0.06 -0.1   0.02  0.14  0.04 -0.04  0.    0.   -0.   -0.
 -0.    0.    0.    0.    0.    0.    0.    0.    0.   -0.   -0.13  0.4
 -0.29  0.29 -0.4   0.13  0.08 -0.24  0.17 -0.17  0.24 -0.08  0.   -0.  ]
orbital number 17 energy -7.1016564375523
[-0.    0.    0.    0.   -0.   -0.    0.   -0.06 -0.04  0.04  0.14  0.02
 -0.1   0.06  0.1  -0.02 -0.14 -0.04  0.04 -0.   -0.1  -0.08  0.07  0.23
  0.03 -0.17  0.1   0.17 -0.03 -0.23 -0.07  0.08  0.    0.    0.   -0.
 -0.   -0.   -0.   -0.   -0.   -0.   -0.   -0.   -0.    0.   -0.08  0.24
 -0.17  0.17 -0.24  0.08 -0.13  0.41 -0.29  0.29 -0.4   0.13  0.   -0.  ]
orbital number 18 energy -5.929629173555267
[-0.01  0.   -0.01  0.23  0.39  0.23 -0.    0.    0.    0.   -0.    0.
  0.    0.    0.    0.   -0.    0.    0.    0.   -0.   -0.   -0.    0.
 -0.   -0.   -0.   -0.   -0.    0.   -0.   -0.   -0.23  0.01 -0.    0.01
 -0.23 -0.39 -0.11  0.11  0.29  0.11 -0.11 -0.29 -0.26 -0.26 -0.   -0.
 -0.   -0.   -0.   -0.    0.    0.    0.    0.    0.    0.    0.26  0.26]
orbital number 19 energy -5.447577015916327
[-0.05 -0.1  -0.05 -0.27 -0.33 -0.27 -0.03 -0.02 -0.   -0.    0.   -0.
 -0.   -0.02 -0.   -0.    0.   -0.   -0.   -0.03 -0.02 -0.   -0.    0.
 -0.   -0.   -0.02 -0.   -0.    0.   -0.   -0.   -0.27 -0.05 -0.1  -0.05
 -0.27 -0.33  0.15  0.15  0.07  0.15  0.15  0.07  0.3   0.3   0.02  0.
  0.02  0.02  0.    0.02  0.02  0.    0.02  0.02  0.    0.02  0.3   0.3 ]
orbital number 20 energy -5.04651508645968
[ 0.04  0.12  0.04 -0.   -0.04 -0.   -0.13 -0.2  -0.09 -0.13 -0.06 -0.13
 -0.09 -0.2  -0.09 -0.13 -0.06 -0.13 -0.09  0.13  0.2   0.09  0.13  0.06
  0.13  0.09  0.2   0.09  0.13  0.06  0.13  0.09  0.   -0.04 -0.12 -0.04
  0.    0.04  0.03 -0.03 -0.07 -0.03  0.03  0.07 -0.08 -0.08  0.23  0.18
  0.23  0.23  0.18  0.23 -0.23 -0.18 -0.23 -0.23 -0.18 -0.23  0.08  0.08]
orbital number 21 energy -5.024488644503077
[ 0.01  0.07  0.01 -0.04 -0.07 -0.04  0.12  0.2   0.09  0.13  0.07  0.13
  0.09  0.2   0.09  0.13  0.07  0.13  0.09  0.12  0.2   0.09  0.13  0.07
  0.13  0.09  0.2   0.09  0.13  0.07  0.13  0.09 -0.04  0.01  0.07  0.01
 -0.04 -0.07  0.02  0.02  0.    0.02  0.02  0.   -0.02 -0.02 -0.23 -0.18
 -0.23 -0.23 -0.18 -0.23 -0.23 -0.18 -0.23 -0.23 -0.18 -0.23 -0.02 -0.02]
orbital number 22 energy -4.855524867409286
[ 0.   -0.   -0.   -0.   -0.    0.    0.    0.22  0.13  0.24  0.14  0.23
  0.13 -0.22 -0.13 -0.23 -0.14 -0.24 -0.13 -0.    0.    0.    0.    0.
  0.    0.   -0.   -0.   -0.   -0.   -0.   -0.   -0.   -0.    0.    0.
  0.   -0.    0.    0.    0.   -0.   -0.   -0.   -0.    0.   -0.3  -0.32
 -0.3   0.3   0.32  0.3  -0.   -0.   -0.    0.    0.    0.    0.   -0.  ]
orbital number 23 energy -4.855518849719332
[-0.    0.    0.    0.   -0.   -0.    0.    0.    0.    0.    0.    0.
  0.   -0.   -0.   -0.   -0.   -0.   -0.    0.   -0.22 -0.13 -0.24 -0.14
 -0.23 -0.13  0.22  0.13  0.23  0.14  0.24  0.13 -0.   -0.   -0.    0.
  0.   -0.    0.    0.   -0.   -0.   -0.    0.    0.   -0.   -0.   -0.
 -0.    0.    0.    0.    0.3   0.32  0.3  -0.3  -0.32 -0.3   0.    0.  ]
orbital number 24 energy -4.561623364258678
[ 0.14  0.31  0.14  0.07 -0.07  0.07 -0.08  0.    0.02  0.08  0.06  0.07
  0.02  0.    0.02  0.07  0.06  0.08  0.02  0.08 -0.   -0.02 -0.08 -0.06
 -0.07 -0.02 -0.   -0.02 -0.07 -0.06 -0.08 -0.02 -0.07 -0.14 -0.31 -0.14
 -0.07  0.07  0.16 -0.16 -0.33 -0.16  0.16  0.33 -0.24 -0.24 -0.05 -0.1
 -0.05 -0.05 -0.1  -0.05  0.05  0.1   0.05  0.05  0.1   0.05  0.24  0.24]
orbital number 25 energy -4.399779700237547
[ 0.   -0.   -0.   -0.01  0.    0.01  0.    0.    0.   -0.   -0.   -0.
 -0.   -0.    0.    0.    0.    0.   -0.   -0.   -0.   -0.    0.    0.
  0.    0.    0.    0.    0.    0.    0.    0.    0.01  0.    0.   -0.
 -0.01 -0.    0.5   0.5   0.   -0.5  -0.5  -0.   -0.    0.    0.    0.
  0.    0.   -0.   -0.   -0.   -0.   -0.   -0.   -0.   -0.   -0.    0.  ]
orbital number 26 energy -4.261826206958183
[-0.13 -0.38 -0.13  0.11  0.25  0.11 -0.16 -0.1  -0.01  0.11  0.11  0.11
 -0.01 -0.1  -0.01  0.11  0.11  0.11 -0.01 -0.16 -0.1  -0.01  0.11  0.11
  0.11 -0.01 -0.1  -0.01  0.11  0.11  0.11 -0.01  0.11 -0.13 -0.38 -0.13
  0.11  0.25 -0.07 -0.08  0.01 -0.08 -0.07  0.01  0.17  0.17 -0.   -0.15
 -0.   -0.   -0.15 -0.   -0.   -0.15 -0.   -0.   -0.15 -0.    0.17  0.17]
orbital number 27 energy -3.9356582297107017
[ 0.02  0.13  0.02 -0.13 -0.13 -0.13 -0.16 -0.21 -0.05  0.14  0.16  0.14
 -0.05 -0.21 -0.05  0.14  0.16  0.14 -0.05  0.16  0.21  0.05 -0.14 -0.16
 -0.14  0.05  0.21  0.05 -0.14 -0.16 -0.14  0.05  0.13 -0.02 -0.13 -0.02
  0.13  0.13 -0.15  0.15  0.26  0.15 -0.15 -0.26 -0.01 -0.01  0.04 -0.18
  0.04  0.04 -0.18  0.04 -0.04  0.18 -0.04 -0.04  0.18 -0.04  0.01  0.01]
orbital number 28 energy -3.5154493917919694
[-0.11 -0.25 -0.11  0.06  0.15  0.06  0.08  0.25  0.08 -0.13 -0.17 -0.14
  0.07  0.25  0.07 -0.14 -0.17 -0.13  0.08  0.08  0.25  0.08 -0.13 -0.17
 -0.14  0.07  0.25  0.07 -0.14 -0.17 -0.13  0.08  0.06 -0.11 -0.25 -0.11
  0.06  0.15 -0.04 -0.04  0.01 -0.04 -0.04  0.01  0.11  0.11 -0.07  0.17
 -0.07 -0.07  0.17 -0.07 -0.07  0.17 -0.07 -0.07  0.17 -0.07  0.11  0.11]
orbital number 29 energy -3.4438219287678766
[-0.24 -0.    0.24  0.36  0.   -0.36  0.   -0.   -0.    0.    0.    0.
 -0.    0.    0.   -0.   -0.   -0.    0.    0.   -0.   -0.    0.    0.
  0.   -0.    0.    0.   -0.   -0.   -0.    0.    0.38  0.24 -0.   -0.24
 -0.38  0.    0.   -0.   -0.    0.   -0.    0.    0.23 -0.23  0.   -0.
  0.   -0.    0.   -0.    0.   -0.    0.   -0.    0.   -0.   -0.24  0.24]
orbital number 30 energy -3.443202721004157
[-0.24  0.    0.24  0.38 -0.   -0.38  0.    0.    0.   -0.   -0.   -0.
  0.   -0.   -0.    0.    0.    0.   -0.   -0.   -0.   -0.    0.    0.
  0.   -0.    0.    0.   -0.   -0.   -0.    0.   -0.36 -0.24 -0.    0.24
  0.36  0.    0.01  0.01  0.   -0.01 -0.01 -0.    0.24 -0.24 -0.    0.
 -0.    0.   -0.    0.    0.   -0.    0.   -0.    0.   -0.    0.23 -0.23]
orbital number 31 energy -3.4060016370644943
[-0.01 -0.02 -0.01  0.01  0.01  0.01 -0.   -0.01 -0.18 -0.26  0.01  0.27
  0.17 -0.01  0.17  0.27  0.01 -0.26 -0.18  0.    0.01  0.17  0.25 -0.01
 -0.26 -0.16  0.01 -0.16 -0.26 -0.01  0.25  0.17 -0.01  0.01  0.02  0.01
 -0.01 -0.01  0.01 -0.01 -0.02 -0.01  0.01  0.02  0.01  0.01  0.17 -0.01
 -0.17 -0.16 -0.01  0.17 -0.17  0.01  0.16  0.16  0.01 -0.16 -0.01 -0.01]
orbital number 32 energy -3.4055256262854523
[-0.   -0.   -0.    0.    0.    0.    0.    0.01 -0.17 -0.26 -0.    0.26
  0.17  0.01  0.17  0.25 -0.   -0.26 -0.16  0.    0.   -0.17 -0.27 -0.
  0.27  0.18  0.    0.17  0.26 -0.   -0.27 -0.17  0.   -0.   -0.01 -0.
  0.    0.   -0.   -0.    0.   -0.   -0.   -0.    0.    0.    0.16  0.
 -0.17 -0.16  0.    0.16  0.17  0.   -0.17 -0.17  0.    0.17  0.    0.  ]
orbital number 33 energy -3.405109600593416
[-0.   -0.   -0.   -0.    0.    0.    0.   -0.    0.24  0.37 -0.   -0.37
 -0.24  0.    0.24  0.37  0.   -0.37 -0.24  0.    0.    0.01  0.01 -0.
 -0.01 -0.01  0.    0.01  0.02 -0.   -0.02 -0.01 -0.   -0.    0.    0.
  0.   -0.    0.   -0.   -0.   -0.    0.    0.   -0.    0.   -0.23  0.
  0.23 -0.24 -0.    0.23 -0.01  0.    0.01 -0.01  0.    0.01  0.   -0.  ]
orbital number 34 energy -3.4050933491846087
[-0.   -0.    0.    0.    0.   -0.   -0.   -0.    0.01  0.02  0.   -0.02
 -0.01  0.    0.01  0.01  0.   -0.01 -0.01 -0.    0.   -0.24 -0.37  0.
  0.37  0.24 -0.   -0.24 -0.37 -0.    0.37  0.24 -0.   -0.    0.    0.
  0.   -0.    0.   -0.   -0.   -0.    0.    0.    0.   -0.   -0.01 -0.
  0.01 -0.01 -0.    0.01  0.23 -0.   -0.23  0.24  0.   -0.23  0.   -0.  ]
orbital number 35 energy -3.285018414677555
[-0.11 -0.31 -0.11  0.15  0.22  0.15 -0.01 -0.18 -0.05  0.1   0.11  0.07
 -0.07 -0.18 -0.07  0.07  0.11  0.1  -0.05  0.01  0.18  0.05 -0.1  -0.11
 -0.07  0.07  0.18  0.07 -0.07 -0.11 -0.1   0.05 -0.15  0.11  0.31  0.11
 -0.15 -0.22  0.15 -0.15 -0.24 -0.15  0.15  0.24  0.1   0.1   0.04 -0.11
  0.06  0.06 -0.11  0.04 -0.04  0.11 -0.06 -0.06  0.11 -0.04 -0.1  -0.1 ]
orbital number 36 energy -3.2814815898677714
[ 0.   -0.   -0.   -0.01  0.    0.01 -0.   -0.07 -0.02  0.03  0.04  0.03
 -0.02  0.07  0.02 -0.03 -0.04 -0.03  0.02  0.   -0.43 -0.14  0.2   0.27
  0.2  -0.14  0.43  0.14 -0.2  -0.27 -0.2   0.14 -0.   -0.    0.    0.
  0.   -0.   -0.   -0.   -0.    0.    0.    0.   -0.    0.    0.02 -0.04
  0.02 -0.02  0.04 -0.02  0.13 -0.26  0.13 -0.13  0.26 -0.13  0.   -0.  ]
orbital number 37 energy -3.281435544251933
[-0.   -0.    0.    0.    0.   -0.   -0.   -0.43 -0.14  0.2   0.27  0.2
 -0.14  0.43  0.14 -0.2  -0.27 -0.2   0.14 -0.    0.07  0.02 -0.03 -0.04
 -0.03  0.02 -0.07 -0.02  0.03  0.04  0.03 -0.02 -0.01 -0.    0.    0.
  0.01 -0.    0.    0.   -0.   -0.   -0.    0.    0.   -0.    0.13 -0.26
  0.13 -0.13  0.26 -0.13 -0.02  0.04 -0.02  0.02 -0.04  0.02  0.   -0.  ]
orbital number 38 energy 0.0
[ 0.09  0.02  0.09  0.01 -0.07  0.01 -0.65  0.04  0.09 -0.01 -0.07 -0.01
  0.09  0.04  0.09 -0.01 -0.07 -0.01  0.09 -0.64  0.04  0.09 -0.01 -0.06
 -0.01  0.09  0.04  0.09 -0.01 -0.06 -0.01  0.09  0.01  0.09  0.02  0.09
  0.01 -0.07  0.02  0.02 -0.02  0.02  0.02 -0.02 -0.05 -0.05 -0.05  0.03
 -0.05 -0.05  0.03 -0.05 -0.05  0.03 -0.05 -0.05  0.03 -0.05 -0.05 -0.05]
orbital number 39 energy 0.056537348215758954
[-0.09 -0.03 -0.09 -0.    0.07 -0.   -0.64  0.04  0.09 -0.01 -0.06 -0.01
  0.09  0.04  0.09 -0.01 -0.06 -0.01  0.09  0.65 -0.04 -0.09  0.01  0.07
  0.01 -0.09 -0.04 -0.09  0.01  0.07  0.01 -0.09 -0.    0.09  0.03  0.09
 -0.   -0.07  0.02 -0.02 -0.01 -0.02  0.02  0.01  0.05  0.05 -0.05  0.03
 -0.05 -0.05  0.03 -0.05  0.05 -0.03  0.05  0.05 -0.03  0.05 -0.05 -0.05]
orbital number 40 energy 2.5617597612148524
[ 0.08 -0.24  0.08  0.21 -0.24  0.21  0.05  0.04 -0.03 -0.01  0.04 -0.01
 -0.03  0.04 -0.03 -0.01  0.04 -0.01 -0.03  0.05  0.04 -0.03 -0.01  0.04
 -0.01 -0.03  0.04 -0.03 -0.01  0.04 -0.01 -0.03  0.21  0.08 -0.25  0.08
  0.21 -0.24  0.23  0.23 -0.4   0.23  0.23 -0.4  -0.04 -0.04  0.01 -0.01
  0.01  0.01 -0.01  0.01  0.01 -0.01  0.01  0.01 -0.01  0.01 -0.04 -0.04]
orbital number 41 energy 3.264744394591265
[-0.03 -0.    0.03 -0.02 -0.    0.02 -0.    0.    0.   -0.    0.    0.
 -0.   -0.    0.    0.   -0.    0.    0.    0.    0.   -0.   -0.    0.
 -0.   -0.   -0.    0.   -0.   -0.    0.   -0.   -0.02  0.03  0.   -0.03
  0.02  0.   -0.5   0.5  -0.   -0.5   0.5   0.    0.01 -0.01 -0.   -0.
  0.   -0.    0.   -0.    0.   -0.    0.   -0.    0.    0.   -0.01  0.01]
orbital number 42 energy 3.4154031085116623
[-0.17  0.33 -0.17 -0.19  0.37 -0.19  0.03  0.11 -0.07 -0.05  0.12 -0.05
 -0.07  0.11 -0.07 -0.05  0.12 -0.05 -0.07 -0.03 -0.11  0.07  0.05 -0.12
  0.05  0.07 -0.11  0.07  0.05 -0.12  0.05  0.07  0.19  0.17 -0.33  0.17
  0.19 -0.37  0.11 -0.11  0.01 -0.12  0.12 -0.01  0.06  0.06  0.03 -0.04
  0.02  0.02 -0.04  0.03 -0.03  0.04 -0.02 -0.02  0.04 -0.03 -0.06 -0.06]
orbital number 43 energy 3.6793541522067796
[-0.   -0.    0.   -0.   -0.    0.   -0.    0.37 -0.22 -0.17  0.41 -0.18
 -0.21 -0.37  0.21  0.18 -0.41  0.17  0.22  0.    0.01 -0.01 -0.01  0.01
 -0.01 -0.01 -0.01  0.01  0.01 -0.01  0.01  0.01 -0.    0.    0.   -0.
  0.    0.    0.   -0.    0.    0.   -0.    0.    0.   -0.    0.08 -0.15
  0.08 -0.08  0.15 -0.08  0.   -0.    0.   -0.    0.   -0.   -0.    0.  ]
orbital number 44 energy 3.6794130667467098
[-0.   -0.    0.   -0.   -0.    0.    0.   -0.01  0.01  0.01 -0.01  0.01
  0.01  0.01 -0.01 -0.01  0.01 -0.01 -0.01  0.    0.37 -0.22 -0.17  0.41
 -0.18 -0.21 -0.37  0.21  0.18 -0.41  0.17  0.22  0.   -0.    0.    0.
 -0.    0.    0.   -0.   -0.    0.   -0.   -0.    0.   -0.   -0.    0.
 -0.    0.   -0.    0.    0.08 -0.15  0.08 -0.08  0.15 -0.08  0.   -0.  ]
orbital number 45 energy 3.7361917026487443
[ 0.35  0.   -0.35  0.31  0.   -0.31 -0.   -0.    0.02 -0.01 -0.    0.01
 -0.01  0.    0.01 -0.01  0.    0.01 -0.02  0.    0.   -0.02  0.01  0.
 -0.01  0.01 -0.   -0.01  0.01 -0.   -0.01  0.02 -0.33  0.37 -0.   -0.37
  0.33 -0.    0.   -0.   -0.    0.   -0.   -0.   -0.13  0.13 -0.01  0.
  0.01 -0.01 -0.    0.01  0.01 -0.   -0.    0.    0.   -0.01 -0.13  0.13]
orbital number 46 energy 3.736315815164388
[ 0.37 -0.   -0.37  0.33 -0.   -0.33  0.    0.   -0.02  0.01  0.   -0.01
  0.01 -0.   -0.01  0.01 -0.   -0.01  0.02 -0.    0.   -0.02  0.01  0.
 -0.02  0.01 -0.   -0.01  0.02 -0.   -0.01  0.02  0.31 -0.35  0.    0.35
 -0.31  0.   -0.04  0.04  0.   -0.04  0.04  0.   -0.13  0.13  0.01 -0.
 -0.    0.    0.   -0.01  0.01 -0.   -0.01  0.01  0.   -0.01  0.13 -0.13]
orbital number 47 energy 3.7690623319780228
[-0.    0.   -0.   -0.    0.    0.    0.   -0.    0.29 -0.26 -0.    0.26
 -0.29 -0.   -0.29  0.26 -0.   -0.26  0.29  0.   -0.    0.21 -0.19 -0.
  0.19 -0.21 -0.   -0.21  0.19 -0.   -0.19  0.22  0.   -0.    0.   -0.
  0.    0.    0.    0.   -0.    0.    0.   -0.    0.    0.   -0.11  0.
  0.1   0.11  0.   -0.11 -0.08  0.    0.08  0.08  0.   -0.08  0.    0.  ]
orbital number 48 energy 3.76913781224365
[ 0.   -0.    0.    0.   -0.    0.   -0.    0.   -0.21  0.19 -0.   -0.19
  0.21  0.    0.22 -0.19 -0.    0.19 -0.22  0.   -0.    0.29 -0.26  0.
  0.26 -0.29 -0.   -0.29  0.26  0.   -0.26  0.29 -0.   -0.    0.   -0.
 -0.    0.   -0.    0.   -0.    0.   -0.   -0.   -0.   -0.    0.08  0.
 -0.08 -0.08  0.    0.08 -0.1  -0.    0.11  0.11 -0.   -0.11  0.    0.  ]
orbital number 49 energy 3.7705535893399267
[ 0.   -0.   -0.    0.   -0.   -0.    0.   -0.01 -0.36  0.32 -0.01 -0.31
  0.36  0.01 -0.36  0.31  0.01 -0.32  0.35  0.    0.    0.05 -0.04  0.
  0.04 -0.05 -0.    0.05 -0.04 -0.    0.04 -0.05 -0.03  0.03  0.   -0.03
  0.03  0.    0.   -0.   -0.    0.   -0.   -0.   -0.    0.    0.13  0.
 -0.13  0.13 -0.   -0.13 -0.02 -0.    0.02 -0.02  0.    0.02 -0.01  0.01]
orbital number 50 energy 3.7705753027033335
[-0.03  0.    0.03 -0.03  0.    0.03 -0.   -0.   -0.05  0.04 -0.   -0.04
  0.05  0.   -0.05  0.04  0.   -0.04  0.05 -0.   -0.01 -0.36  0.32 -0.01
 -0.31  0.36  0.01 -0.36  0.31  0.01 -0.32  0.35 -0.    0.   -0.   -0.
  0.   -0.    0.   -0.    0.    0.   -0.    0.    0.01 -0.01  0.02  0.
 -0.02  0.02 -0.   -0.02  0.13  0.   -0.13  0.13 -0.   -0.13 -0.    0.  ]
orbital number 51 energy 3.9244734607460847
[ 0.09 -0.11  0.09 -0.   -0.09 -0.   -0.08  0.23 -0.12 -0.13  0.27 -0.12
 -0.12  0.23 -0.12 -0.12  0.27 -0.13 -0.12 -0.08  0.23 -0.12 -0.13  0.27
 -0.12 -0.12  0.23 -0.12 -0.12  0.27 -0.13 -0.12 -0.    0.09 -0.11  0.09
 -0.   -0.09 -0.09 -0.09  0.2  -0.09 -0.09  0.2  -0.03 -0.03  0.04 -0.1
  0.05  0.05 -0.1   0.04  0.04 -0.1   0.05  0.05 -0.1   0.04 -0.03 -0.03]
orbital number 52 energy 4.129618557050308
[-0.05  0.13 -0.05 -0.11  0.18 -0.11  0.13 -0.22  0.11  0.13 -0.28  0.13
  0.11 -0.22  0.11  0.13 -0.28  0.13  0.11 -0.13  0.22 -0.11 -0.13  0.28
 -0.13 -0.11  0.22 -0.11 -0.13  0.28 -0.13 -0.11  0.11  0.05 -0.13  0.05
  0.11 -0.18  0.06 -0.06  0.01 -0.06  0.06 -0.01  0.02  0.02 -0.04  0.1
 -0.04 -0.04  0.1  -0.04  0.04 -0.1   0.04  0.04 -0.1   0.04 -0.02 -0.02]
orbital number 53 energy 4.364571837131403
[ 0.17 -0.29  0.17  0.1  -0.31  0.1   0.11 -0.09  0.04  0.07 -0.13  0.07
  0.04 -0.09  0.04  0.07 -0.13  0.07  0.04  0.11 -0.09  0.04  0.07 -0.13
  0.07  0.04 -0.09  0.04  0.07 -0.13  0.07  0.04  0.1   0.17 -0.29  0.17
  0.1  -0.31 -0.14 -0.14  0.34 -0.14 -0.14  0.34 -0.06 -0.06 -0.01  0.05
 -0.01 -0.01  0.05 -0.01 -0.01  0.05 -0.01 -0.01  0.05 -0.01 -0.06 -0.06]
orbital number 54 energy 5.673518398000385
[-0.24  0.25 -0.24  0.17 -0.08  0.17  0.04  0.02 -0.03  0.04 -0.05  0.04
 -0.03  0.02 -0.03  0.04 -0.05  0.04 -0.03 -0.04 -0.02  0.03 -0.04  0.05
 -0.04  0.03 -0.02  0.03 -0.04  0.05 -0.04  0.03 -0.17  0.24 -0.25  0.24
 -0.17  0.08 -0.29  0.29 -0.27  0.29 -0.29  0.27  0.07  0.07  0.01  0.01
  0.01  0.01  0.01  0.01 -0.01 -0.01 -0.01 -0.01 -0.01 -0.01 -0.07 -0.07]
orbital number 55 energy 6.132869762216459
[-0.    0.   -0.    0.   -0.    0.    0.    0.27 -0.28  0.28 -0.3   0.28
 -0.29 -0.27  0.29 -0.28  0.3  -0.28  0.28 -0.    0.   -0.    0.   -0.
  0.   -0.   -0.    0.   -0.    0.   -0.    0.    0.   -0.    0.   -0.
 -0.   -0.   -0.   -0.    0.   -0.   -0.    0.    0.    0.    0.08  0.08
  0.08 -0.08 -0.08 -0.08  0.    0.    0.   -0.   -0.   -0.    0.    0.  ]
orbital number 56 energy 6.140848672641128
[ 0.   -0.    0.   -0.    0.   -0.    0.    0.   -0.    0.   -0.    0.
 -0.    0.   -0.    0.   -0.    0.   -0.   -0.   -0.27  0.28 -0.28  0.29
 -0.28  0.29  0.27 -0.29  0.28 -0.3   0.28 -0.29 -0.    0.   -0.    0.
 -0.    0.    0.    0.   -0.    0.    0.   -0.   -0.   -0.    0.    0.
  0.    0.    0.    0.   -0.08 -0.08 -0.08  0.08  0.08  0.08 -0.   -0.  ]
orbital number 57 energy 6.140890367861576
[ 0.23 -0.21  0.23 -0.23  0.26 -0.23 -0.    0.11 -0.11  0.11 -0.12  0.11
 -0.11  0.11 -0.11  0.11 -0.12  0.11 -0.11 -0.    0.11 -0.12  0.11 -0.12
  0.11 -0.12  0.11 -0.11  0.11 -0.12  0.11 -0.11 -0.23  0.23 -0.21  0.23
 -0.23  0.26  0.03  0.03 -0.11  0.03  0.03 -0.11 -0.06 -0.06  0.03  0.03
  0.03  0.03  0.03  0.03  0.03  0.03  0.03  0.03  0.03  0.03 -0.06 -0.06]
orbital number 58 energy 6.244349655060767
[ 0.01  0.01  0.01 -0.04  0.08 -0.04  0.07 -0.2   0.2  -0.18  0.18 -0.18
  0.2  -0.2   0.2  -0.18  0.18 -0.18  0.2  -0.07  0.2  -0.2   0.18 -0.18
  0.18 -0.2   0.2  -0.2   0.18 -0.18  0.18 -0.2   0.04 -0.01 -0.01 -0.01
  0.04 -0.08 -0.11  0.1  -0.12  0.1  -0.11  0.12 -0.   -0.   -0.06 -0.05
 -0.06 -0.06 -0.05 -0.06  0.06  0.05  0.06  0.06  0.05  0.06  0.    0.  ]
orbital number 59 energy 6.308097465417304
[ 0.17 -0.17  0.17 -0.15  0.15 -0.15  0.09 -0.18  0.17 -0.15  0.15 -0.15
  0.17 -0.18  0.17 -0.15  0.15 -0.15  0.17  0.09 -0.18  0.17 -0.15  0.15
 -0.15  0.17 -0.18  0.17 -0.15  0.15 -0.15  0.17 -0.15  0.17 -0.17  0.17
 -0.15  0.15  0.02  0.02 -0.06  0.02  0.02 -0.06 -0.05 -0.05 -0.05 -0.04
 -0.05 -0.05 -0.04 -0.05 -0.05 -0.04 -0.05 -0.05 -0.04 -0.05 -0.05 -0.05]
orbital number 60 energy 6.406383194643504
[ 0.19 -0.18  0.19 -0.21  0.27 -0.21 -0.05  0.06 -0.06  0.04 -0.04  0.04
 -0.06  0.06 -0.06  0.04 -0.04  0.04 -0.06  0.05 -0.06  0.06 -0.04  0.04
 -0.04  0.06 -0.06  0.06 -0.04  0.04 -0.04  0.06  0.21 -0.19  0.18 -0.19
  0.21 -0.27 -0.24  0.24 -0.29  0.24 -0.24  0.29 -0.05 -0.05  0.02  0.01
  0.02  0.02  0.01  0.02 -0.02 -0.01 -0.02 -0.02 -0.01 -0.02  0.05  0.05]