orbital number 1
[0.09 0.08 0.09 0.05 0.05 0.05 0.05 0.14 0.18 0.13 0.17 0.13 0.17 0.14
 0.17 0.13 0.17 0.13 0.18 0.05 0.14 0.18 0.13 0.17 0.13 0.17 0.14 0.17
 0.13 0.17 0.13 0.18 0.05 0.09 0.08 0.09 0.05 0.05 0.02 0.02 0.03 0.02
 0.02 0.03 0.09 0.09 0.17 0.16 0.17 0.17 0.16 0.17 0.17 0.17 0.17 0.17
 0.17 0.17 0.09 0.09]
orbital number 2
[ 0.08  0.07  0.08  0.04  0.04  0.04 -0.05 -0.14 -0.18 -0.13 -0.17 -0.13
 -0.18 -0.14 -0.18 -0.13 -0.17 -0.13 -0.18  0.05  0.14  0.18  0.13  0.17
  0.13  0.18  0.14  0.18  0.13  0.17  0.13  0.18 -0.04 -0.08 -0.07 -0.08
 -0.04 -0.04 -0.    0.    0.01  0.   -0.   -0.01  0.07  0.07 -0.17 -0.17
 -0.17 -0.17 -0.17 -0.17  0.17  0.17  0.17  0.17  0.17  0.17 -0.07 -0.07]
orbital number 3
[-0.    0.    0.    0.    0.   -0.   -0.    0.    0.    0.    0.    0.
  0.   -0.   -0.   -0.   -0.   -0.   -0.    0.    0.18  0.25  0.2   0.26
  0.2   0.25 -0.18 -0.25 -0.2  -0.26 -0.2  -0.25  0.    0.    0.    0.
  0.    0.    0.    0.    0.    0.    0.    0.   -0.    0.    0.    0.
  0.   -0.   -0.   -0.    0.25  0.26  0.25 -0.25 -0.26 -0.25  0.   -0.  ]
orbital number 4
[-0.   -0.   -0.   -0.   -0.   -0.   -0.    0.18  0.25  0.2   0.26  0.2
  0.25 -0.18 -0.25 -0.2  -0.26 -0.2  -0.25  0.   -0.   -0.   -0.   -0.
 -0.   -0.    0.    0.    0.    0.    0.    0.    0.    0.   -0.   -0.
 -0.   -0.   -0.   -0.   -0.   -0.   -0.   -0.   -0.   -0.    0.25  0.26
  0.25 -0.25 -0.26 -0.25 -0.   -0.   -0.    0.    0.    0.    0.   -0.  ]
orbital number 5
[-0.27 -0.21 -0.27 -0.17 -0.16 -0.17 -0.02  0.03  0.05  0.04  0.06  0.04
  0.05  0.03  0.05  0.04  0.06  0.04  0.05 -0.02  0.03  0.05  0.04  0.06
  0.04  0.05  0.03  0.05  0.04  0.06  0.04  0.05 -0.17 -0.27 -0.21 -0.27
 -0.17 -0.16 -0.07 -0.07 -0.1  -0.07 -0.07 -0.1  -0.28 -0.28  0.06  0.06
  0.05  0.05  0.06  0.06  0.06  0.06  0.05  0.05  0.06  0.06 -0.28 -0.28]
orbital number 6
[-0.28 -0.22 -0.28 -0.17 -0.15 -0.17  0.02 -0.03 -0.04 -0.04 -0.05 -0.04
 -0.04 -0.03 -0.04 -0.04 -0.05 -0.04 -0.04 -0.02  0.03  0.04  0.04  0.05
  0.04  0.04  0.03  0.04  0.04  0.05  0.04  0.04  0.17  0.28  0.22  0.28
  0.17  0.15  0.02 -0.02 -0.05 -0.02  0.02  0.05 -0.29 -0.29 -0.05 -0.05
 -0.05 -0.05 -0.05 -0.05  0.05  0.05  0.05  0.05  0.05  0.05  0.29  0.29]
orbital number 7
[-0.29  0.    0.29  0.13 -0.   -0.13  0.    0.    0.    0.   -0.   -0.
 -0.   -0.    0.    0.    0.   -0.   -0.    0.    0.    0.    0.   -0.
 -0.   -0.   -0.    0.    0.    0.   -0.   -0.    0.09  0.2   0.   -0.2
 -0.09 -0.    0.   -0.   -0.    0.   -0.   -0.   -0.49  0.49  0.   -0.
 -0.    0.    0.   -0.    0.   -0.   -0.    0.    0.   -0.    0.33 -0.33]
orbital number 8
[-0.2  -0.    0.2   0.09  0.   -0.09 -0.   -0.   -0.   -0.    0.    0.
  0.    0.   -0.   -0.   -0.    0.    0.   -0.    0.    0.    0.   -0.
 -0.   -0.   -0.    0.    0.    0.   -0.   -0.   -0.13 -0.29 -0.    0.29
  0.13  0.   -0.   -0.    0.    0.    0.    0.   -0.33  0.33 -0.    0.
  0.   -0.   -0.    0.    0.   -0.   -0.    0.    0.   -0.   -0.49  0.49]
orbital number 9
[ 0.05  0.05  0.05 -0.03 -0.12 -0.03  0.02  0.05  0.12  0.   -0.11 -0.05
 -0.01  0.05 -0.01 -0.05 -0.11  0.    0.12  0.02  0.05  0.12  0.   -0.11
 -0.05 -0.01  0.05 -0.01 -0.05 -0.11  0.    0.12 -0.03  0.05  0.05  0.05
 -0.03 -0.12 -0.28 -0.28 -0.3  -0.28 -0.28 -0.3   0.09  0.09  0.2  -0.19
 -0.02 -0.02 -0.19  0.2   0.2  -0.19 -0.02 -0.02 -0.19  0.2   0.09  0.09]
orbital number 10
[-0.    0.   -0.   -0.   -0.   -0.   -0.01 -0.04 -0.2  -0.04  0.1   0.09
  0.11 -0.04  0.11  0.09  0.1  -0.04 -0.2   0.01  0.04  0.2   0.04 -0.1
 -0.09 -0.11  0.04 -0.11 -0.09 -0.1   0.04  0.2   0.    0.   -0.    0.
  0.    0.    0.   -0.   -0.   -0.    0.    0.   -0.01 -0.01 -0.34  0.16
  0.19  0.18  0.16 -0.34  0.34 -0.16 -0.18 -0.19 -0.16  0.34  0.01  0.01]
orbital number 11
[-0.03 -0.02 -0.02  0.01  0.05  0.01 -0.    0.02  0.25  0.09 -0.04 -0.11
 -0.21 -0.01  0.01  0.01  0.02 -0.   -0.03 -0.   -0.01 -0.02 -0.    0.02
  0.01  0.    0.02 -0.2  -0.11 -0.04  0.09  0.24  0.01 -0.03 -0.02 -0.02
  0.01  0.05  0.13  0.13  0.14  0.13  0.13  0.14 -0.05 -0.04  0.44 -0.08
 -0.36  0.02  0.04 -0.05 -0.03  0.03  0.   -0.34 -0.07  0.42 -0.05 -0.04]
orbital number 12
[ 0.01  0.    0.   -0.   -0.01 -0.    0.    0.02  0.18  0.06 -0.04 -0.08
 -0.14 -0.02  0.18  0.1   0.05 -0.08 -0.23  0.    0.01  0.15  0.05 -0.04
 -0.07 -0.12 -0.02  0.15  0.08  0.04 -0.06 -0.19 -0.    0.    0.    0.01
 -0.   -0.01 -0.02 -0.02 -0.02 -0.02 -0.02 -0.02  0.01  0.    0.32 -0.08
 -0.24  0.3   0.08 -0.39  0.26 -0.06 -0.2   0.26  0.07 -0.33  0.    0.01]
orbital number 13
[ 0.02  0.02  0.03 -0.01 -0.05 -0.01  0.    0.01 -0.01 -0.01 -0.01  0.
  0.02 -0.01  0.18  0.09  0.04 -0.08 -0.22  0.   -0.02 -0.27 -0.1   0.05
  0.12  0.23  0.01 -0.03 -0.02 -0.03  0.01  0.05 -0.01  0.02  0.02  0.03
 -0.01 -0.05 -0.13 -0.13 -0.14 -0.13 -0.13 -0.14  0.04  0.05 -0.01 -0.02
  0.03  0.31  0.06 -0.37 -0.47  0.08  0.38 -0.04 -0.04  0.09  0.04  0.05]
orbital number 14
[ 0.   -0.    0.    0.    0.01  0.    0.03  0.08  0.01 -0.08 -0.18 -0.
  0.17  0.08  0.17 -0.   -0.18 -0.08  0.01 -0.03 -0.08 -0.01  0.07  0.18
  0.   -0.17 -0.08 -0.17  0.    0.18  0.08 -0.01 -0.   -0.    0.   -0.
 -0.   -0.01 -0.    0.    0.    0.   -0.   -0.    0.01  0.01  0.01 -0.3
  0.29  0.29 -0.3   0.01 -0.01  0.3  -0.29 -0.29  0.3  -0.01 -0.01 -0.01]
orbital number 15
[-0.04 -0.03 -0.04  0.01  0.06  0.01  0.02  0.08  0.03 -0.06 -0.17 -0.01
  0.14  0.08  0.14 -0.01 -0.17 -0.06  0.03  0.02  0.08  0.03 -0.06 -0.17
 -0.01  0.14  0.08  0.14 -0.01 -0.17 -0.06  0.03  0.01 -0.04 -0.03 -0.04
  0.01  0.06  0.16  0.16  0.17  0.16  0.16  0.17 -0.07 -0.07  0.04 -0.29
  0.24  0.24 -0.29  0.04  0.04 -0.29  0.24  0.24 -0.29  0.04 -0.07 -0.07]
orbital number 16
[-0.    0.    0.    0.   -0.   -0.   -0.    0.11  0.09 -0.08 -0.27 -0.03
  0.19 -0.11 -0.19  0.03  0.27  0.08 -0.09 -0.   -0.02 -0.02  0.02  0.06
  0.01 -0.04  0.02  0.04 -0.01 -0.06 -0.02  0.02 -0.   -0.    0.    0.
  0.   -0.   -0.   -0.   -0.   -0.   -0.   -0.   -0.    0.    0.15 -0.46
  0.33 -0.33  0.46 -0.15 -0.03  0.1  -0.07  0.07 -0.1   0.03 -0.    0.  ]
orbital number 17
[ 0.   -0.   -0.   -0.    0.    0.   -0.    0.02  0.02 -0.02 -0.06 -0.01
  0.04 -0.02 -0.04  0.01  0.06  0.02 -0.02  0.    0.11  0.09 -0.08 -0.27
 -0.03  0.19 -0.11 -0.19  0.03  0.27  0.08 -0.09 -0.   -0.   -0.    0.
  0.    0.    0.    0.    0.    0.    0.    0.    0.   -0.    0.03 -0.1
  0.07 -0.07  0.1  -0.03  0.15 -0.46  0.33 -0.33  0.46 -0.15 -0.    0.  ]
orbital number 18
[-0.01  0.   -0.01  0.23  0.39  0.23 -0.    0.    0.    0.   -0.    0.
  0.    0.    0.    0.   -0.    0.    0.    0.   -0.   -0.   -0.    0.
 -0.   -0.   -0.   -0.   -0.    0.   -0.   -0.   -0.23  0.01 -0.    0.01
 -0.23 -0.39 -0.11  0.11  0.29  0.11 -0.11 -0.29 -0.26 -0.26 -0.   -0.
 -0.   -0.   -0.   -0.    0.    0.    0.    0.    0.    0.    0.26  0.26]
orbital number 19
[-0.05 -0.1  -0.05 -0.27 -0.33 -0.27 -0.03 -0.02 -0.   -0.    0.   -0.
 -0.   -0.02 -0.   -0.    0.   -0.   -0.   -0.03 -0.02 -0.   -0.    0.
 -0.   -0.   -0.02 -0.   -0.    0.   -0.   -0.   -0.27 -0.05 -0.1  -0.05
 -0.27 -0.33  0.15  0.15  0.07  0.15  0.15  0.07  0.3   0.3   0.02  0.
  0.02  0.02  0.    0.02  0.02  0.    0.02  0.02  0.    0.02  0.3   0.3 ]
orbital number 20
[ 0.04  0.12  0.04 -0.   -0.04 -0.   -0.13 -0.2  -0.09 -0.13 -0.06 -0.13
 -0.09 -0.2  -0.09 -0.13 -0.06 -0.13 -0.09  0.13  0.2   0.09  0.13  0.06
  0.13  0.09  0.2   0.09  0.13  0.06  0.13  0.09  0.   -0.04 -0.12 -0.04
  0.    0.04  0.03 -0.03 -0.07 -0.03  0.03  0.07 -0.08 -0.08  0.23  0.18
  0.23  0.23  0.18  0.23 -0.23 -0.18 -0.23 -0.23 -0.18 -0.23  0.08  0.08]
orbital number 21
[ 0.01  0.07  0.01 -0.04 -0.07 -0.04  0.12  0.2   0.09  0.13  0.07  0.13
  0.09  0.2   0.09  0.13  0.07  0.13  0.09  0.12  0.2   0.09  0.13  0.07
  0.13  0.09  0.2   0.09  0.13  0.07  0.13  0.09 -0.04  0.01  0.07  0.01
 -0.04 -0.07  0.02  0.02  0.    0.02  0.02  0.   -0.02 -0.02 -0.23 -0.18
 -0.23 -0.23 -0.18 -0.23 -0.23 -0.18 -0.23 -0.23 -0.18 -0.23 -0.02 -0.02]
orbital number 22
[ 0.   -0.   -0.   -0.   -0.    0.    0.    0.22  0.13  0.24  0.14  0.23
  0.13 -0.22 -0.13 -0.23 -0.14 -0.24 -0.13 -0.    0.    0.    0.    0.
  0.    0.   -0.   -0.   -0.   -0.   -0.   -0.   -0.   -0.    0.    0.
  0.   -0.    0.    0.    0.   -0.   -0.   -0.   -0.    0.   -0.3  -0.32
 -0.3   0.3   0.32  0.3  -0.   -0.   -0.    0.    0.    0.    0.   -0.  ]
orbital number 23
[-0.    0.    0.    0.   -0.   -0.    0.    0.    0.    0.    0.    0.
  0.   -0.   -0.   -0.   -0.   -0.   -0.    0.   -0.22 -0.13 -0.24 -0.14
 -0.23 -0.13  0.22  0.13  0.23  0.14  0.24  0.13 -0.   -0.   -0.    0.
  0.   -0.    0.    0.   -0.   -0.   -0.    0.    0.   -0.   -0.   -0.
 -0.    0.    0.    0.    0.3   0.32  0.3  -0.3  -0.32 -0.3   0.    0.  ]
orbital number 24
[-0.14 -0.31 -0.14 -0.07  0.07 -0.07  0.08 -0.   -0.02 -0.08 -0.06 -0.07
 -0.02 -0.   -0.02 -0.07 -0.06 -0.08 -0.02 -0.08  0.    0.02  0.08  0.06
  0.07  0.02  0.    0.02  0.07  0.06  0.08  0.02  0.07  0.14  0.31  0.14
  0.07 -0.07 -0.16  0.16  0.33  0.16 -0.16 -0.33  0.24  0.24  0.05  0.1
  0.05  0.05  0.1   0.05 -0.05 -0.1  -0.05 -0.05 -0.1  -0.05 -0.24 -0.24]
orbital number 25
[ 0.   -0.   -0.   -0.01  0.    0.01  0.    0.    0.   -0.   -0.   -0.
 -0.   -0.    0.    0.    0.    0.   -0.   -0.   -0.   -0.    0.    0.
  0.    0.    0.    0.    0.    0.    0.    0.    0.01  0.    0.   -0.
 -0.01 -0.    0.5   0.5   0.   -0.5  -0.5  -0.   -0.    0.    0.    0.
  0.    0.   -0.   -0.   -0.   -0.   -0.   -0.   -0.   -0.   -0.    0.  ]
orbital number 26
[-0.13 -0.38 -0.13  0.11  0.25  0.11 -0.16 -0.1  -0.01  0.11  0.11  0.11
 -0.01 -0.1  -0.01  0.11  0.11  0.11 -0.01 -0.16 -0.1  -0.01  0.11  0.11
  0.11 -0.01 -0.1  -0.01  0.11  0.11  0.11 -0.01  0.11 -0.13 -0.38 -0.13
  0.11  0.25 -0.07 -0.08  0.01 -0.08 -0.07  0.01  0.17  0.17 -0.   -0.15
 -0.   -0.   -0.15 -0.   -0.   -0.15 -0.   -0.   -0.15 -0.    0.17  0.17]
orbital number 27
[ 0.02  0.13  0.02 -0.13 -0.13 -0.13 -0.16 -0.21 -0.05  0.14  0.16  0.14
 -0.05 -0.21 -0.05  0.14  0.16  0.14 -0.05  0.16  0.21  0.05 -0.14 -0.16
 -0.14  0.05  0.21  0.05 -0.14 -0.16 -0.14  0.05  0.13 -0.02 -0.13 -0.02
  0.13  0.13 -0.15  0.15  0.26  0.15 -0.15 -0.26 -0.01 -0.01  0.04 -0.18
  0.04  0.04 -0.18  0.04 -0.04  0.18 -0.04 -0.04  0.18 -0.04  0.01  0.01]
orbital number 28
[-0.11 -0.25 -0.11  0.06  0.15  0.06  0.08  0.25  0.08 -0.13 -0.17 -0.14
  0.07  0.25  0.07 -0.14 -0.17 -0.13  0.08  0.08  0.25  0.08 -0.13 -0.17
 -0.14  0.07  0.25  0.07 -0.14 -0.17 -0.13  0.08  0.06 -0.11 -0.25 -0.11
  0.06  0.15 -0.04 -0.04  0.01 -0.04 -0.04  0.01  0.11  0.11 -0.07  0.17
 -0.07 -0.07  0.17 -0.07 -0.07  0.17 -0.07 -0.07  0.17 -0.07  0.11  0.11]
orbital number 29
[-0.24 -0.    0.24  0.36  0.   -0.36  0.   -0.   -0.    0.    0.    0.
 -0.    0.    0.   -0.   -0.   -0.    0.    0.   -0.   -0.    0.    0.
  0.   -0.    0.    0.   -0.   -0.   -0.    0.    0.38  0.24 -0.   -0.24
 -0.38  0.    0.   -0.   -0.    0.   -0.    0.    0.23 -0.23  0.   -0.
  0.   -0.    0.   -0.    0.   -0.    0.   -0.    0.   -0.   -0.24  0.24]
orbital number 30
[-0.24  0.    0.24  0.38 -0.   -0.38  0.    0.    0.   -0.   -0.   -0.
  0.   -0.   -0.    0.    0.    0.   -0.   -0.   -0.   -0.    0.    0.
  0.   -0.    0.    0.   -0.   -0.   -0.    0.   -0.36 -0.24 -0.    0.24
  0.36  0.    0.01  0.01  0.   -0.01 -0.01 -0.    0.24 -0.24 -0.    0.
 -0.    0.   -0.    0.    0.   -0.    0.   -0.    0.   -0.    0.23 -0.23]
orbital number 31
[ 0.01  0.02  0.01 -0.01 -0.01 -0.01  0.    0.01  0.18  0.26 -0.01 -0.27
 -0.17  0.01 -0.17 -0.27 -0.01  0.26  0.18 -0.   -0.01 -0.17 -0.25  0.01
  0.26  0.16 -0.01  0.16  0.26  0.01 -0.25 -0.17  0.01 -0.01 -0.02 -0.01
  0.01  0.01 -0.01  0.01  0.02  0.01 -0.01 -0.02 -0.01 -0.01 -0.17  0.01
  0.17  0.16  0.01 -0.17  0.17 -0.01 -0.16 -0.16 -0.01  0.16  0.01  0.01]
orbital number 32
[ 0.    0.    0.   -0.   -0.   -0.   -0.   -0.01  0.17  0.26  0.   -0.26
 -0.17 -0.01 -0.17 -0.25  0.    0.26  0.16 -0.   -0.    0.17  0.27  0.
 -0.27 -0.18 -0.   -0.17 -0.26  0.    0.27  0.17 -0.    0.    0.01  0.
 -0.   -0.    0.    0.   -0.    0.    0.    0.   -0.   -0.   -0.16 -0.
  0.17  0.16 -0.   -0.16 -0.17 -0.    0.17  0.17 -0.   -0.17 -0.   -0.  ]
orbital number 33
[-0.   -0.   -0.   -0.    0.    0.    0.   -0.    0.24  0.37 -0.   -0.37
 -0.24  0.    0.24  0.37  0.   -0.37 -0.24  0.    0.    0.01  0.01 -0.
 -0.01 -0.01  0.    0.01  0.02 -0.   -0.02 -0.01 -0.   -0.    0.    0.
  0.   -0.    0.   -0.   -0.   -0.    0.    0.   -0.    0.   -0.23  0.
  0.23 -0.24 -0.    0.23 -0.01  0.    0.01 -0.01  0.    0.01  0.   -0.  ]
orbital number 34
[ 0.    0.   -0.   -0.   -0.    0.    0.    0.   -0.01 -0.01 -0.    0.01
  0.01 -0.   -0.01 -0.01 -0.    0.01  0.01  0.   -0.    0.24  0.37 -0.
 -0.37 -0.24  0.    0.24  0.37  0.   -0.37 -0.24  0.    0.   -0.   -0.
 -0.    0.   -0.    0.    0.    0.   -0.   -0.   -0.    0.    0.01  0.
 -0.01  0.01  0.   -0.01 -0.23  0.    0.23 -0.24 -0.    0.23 -0.    0.  ]
orbital number 35
[ 0.11  0.31  0.11 -0.15 -0.22 -0.15  0.01  0.18  0.05 -0.1  -0.11 -0.07
  0.07  0.18  0.07 -0.07 -0.11 -0.1   0.05 -0.01 -0.18 -0.05  0.1   0.11
  0.07 -0.07 -0.18 -0.07  0.07  0.11  0.1  -0.05  0.15 -0.11 -0.31 -0.11
  0.15  0.22 -0.15  0.15  0.24  0.15 -0.15 -0.24 -0.1  -0.1  -0.04  0.11
 -0.06 -0.06  0.11 -0.04  0.04 -0.11  0.06  0.06 -0.11  0.04  0.1   0.1 ]
orbital number 36
[ 0.   -0.   -0.   -0.01  0.    0.01 -0.   -0.06 -0.02  0.03  0.04  0.03
 -0.02  0.06  0.02 -0.03 -0.04 -0.03  0.02  0.   -0.43 -0.14  0.2   0.27
  0.21 -0.14  0.43  0.14 -0.21 -0.27 -0.2   0.14 -0.   -0.    0.    0.
  0.   -0.   -0.   -0.   -0.    0.    0.    0.   -0.    0.    0.02 -0.04
  0.02 -0.02  0.04 -0.02  0.14 -0.26  0.13 -0.13  0.26 -0.14  0.   -0.  ]
orbital number 37
[ 0.    0.   -0.   -0.   -0.    0.    0.    0.43  0.14 -0.2  -0.27 -0.21
  0.14 -0.43 -0.14  0.21  0.27  0.2  -0.14  0.   -0.06 -0.02  0.03  0.04
  0.03 -0.02  0.06  0.02 -0.03 -0.04 -0.03  0.02  0.01  0.   -0.   -0.
 -0.01  0.   -0.   -0.    0.    0.    0.   -0.   -0.    0.   -0.14  0.26
 -0.13  0.13 -0.26  0.14  0.02 -0.04  0.02 -0.02  0.04 -0.02 -0.    0.  ]
orbital number 38
[-0.13 -0.03 -0.13 -0.01  0.1  -0.01 -0.   -0.    0.    0.   -0.    0.
  0.   -0.    0.    0.   -0.    0.    0.    0.92 -0.06 -0.13  0.01  0.09
  0.01 -0.13 -0.06 -0.13  0.01  0.09  0.01 -0.13 -0.01 -0.    0.   -0.
 -0.01  0.   -0.   -0.02  0.   -0.02 -0.    0.02  0.07  0.07  0.   -0.
  0.    0.   -0.    0.    0.06 -0.05  0.06  0.06 -0.05  0.06  0.    0.  ]
orbital number 39
[-0.    0.   -0.   -0.01  0.   -0.01  0.92 -0.06 -0.13  0.01  0.09  0.01
 -0.13 -0.06 -0.13  0.01  0.09  0.01 -0.13 -0.   -0.    0.    0.   -0.
  0.    0.   -0.    0.    0.   -0.    0.    0.   -0.01 -0.13 -0.03 -0.13
 -0.01  0.1  -0.02 -0.    0.02 -0.   -0.02  0.    0.    0.    0.06 -0.05
  0.06  0.06 -0.05  0.06  0.   -0.    0.    0.   -0.    0.    0.07  0.07]
orbital number 40
[-0.08  0.25 -0.08 -0.21  0.24 -0.21 -0.05 -0.03  0.03  0.01 -0.04  0.01
  0.03 -0.03  0.03  0.01 -0.04  0.01  0.03 -0.05 -0.03  0.03  0.01 -0.04
  0.01  0.03 -0.03  0.03  0.01 -0.04  0.01  0.03 -0.21 -0.08  0.25 -0.08
 -0.21  0.24 -0.23 -0.23  0.4  -0.23 -0.23  0.4   0.04  0.04 -0.01  0.01
 -0.01 -0.01  0.01 -0.01 -0.01  0.01 -0.01 -0.01  0.01 -0.01  0.04  0.04]
orbital number 41
[ 0.03  0.   -0.03  0.02  0.   -0.02  0.    0.   -0.    0.    0.   -0.
  0.    0.   -0.    0.    0.   -0.    0.   -0.   -0.   -0.    0.   -0.
 -0.    0.   -0.   -0.    0.   -0.   -0.    0.    0.02 -0.03 -0.    0.03
 -0.02 -0.    0.5  -0.5   0.    0.5  -0.5  -0.   -0.01  0.01  0.   -0.
 -0.    0.   -0.   -0.    0.    0.   -0.    0.    0.   -0.    0.01 -0.01]
orbital number 42
[-0.17  0.33 -0.17 -0.19  0.37 -0.19  0.03  0.11 -0.07 -0.05  0.12 -0.05
 -0.07  0.11 -0.07 -0.05  0.12 -0.05 -0.07 -0.03 -0.11  0.07  0.05 -0.12
  0.05  0.07 -0.11  0.07  0.05 -0.12  0.05  0.07  0.19  0.17 -0.33  0.17
  0.19 -0.37  0.11 -0.11  0.01 -0.12  0.12 -0.01  0.06  0.06  0.02 -0.04
  0.02  0.02 -0.04  0.02 -0.02  0.04 -0.02 -0.02  0.04 -0.02 -0.06 -0.06]
orbital number 43
[ 0.   -0.   -0.    0.   -0.   -0.   -0.    0.37 -0.22 -0.17  0.41 -0.19
 -0.2  -0.37  0.2   0.19 -0.41  0.17  0.22  0.    0.01 -0.01 -0.01  0.01
 -0.01 -0.01 -0.01  0.01  0.01 -0.01  0.01  0.01  0.   -0.01  0.    0.01
 -0.    0.   -0.    0.    0.   -0.    0.    0.   -0.    0.    0.08 -0.15
  0.07 -0.07  0.15 -0.08  0.   -0.01  0.   -0.    0.01 -0.    0.   -0.  ]
orbital number 44
[-0.01  0.    0.01 -0.    0.    0.   -0.    0.01 -0.01 -0.01  0.01 -0.01
 -0.01 -0.01  0.01  0.01 -0.01  0.01  0.01 -0.   -0.37  0.22  0.17 -0.41
  0.19  0.2   0.37 -0.2  -0.19  0.41 -0.17 -0.22  0.   -0.   -0.    0.
 -0.   -0.    0.   -0.    0.    0.   -0.    0.    0.   -0.    0.   -0.01
  0.   -0.    0.01 -0.   -0.08  0.15 -0.07  0.07 -0.15  0.08  0.   -0.  ]
orbital number 45
[ 0.36  0.   -0.36  0.31  0.   -0.31 -0.    0.    0.01 -0.01  0.    0.01
 -0.01 -0.    0.01 -0.01 -0.    0.01 -0.01  0.   -0.   -0.01  0.01 -0.
 -0.01  0.01  0.   -0.01  0.01  0.   -0.01  0.01 -0.32  0.37 -0.   -0.37
  0.32 -0.    0.    0.   -0.   -0.   -0.   -0.   -0.13  0.13 -0.   -0.
  0.   -0.    0.    0.    0.    0.   -0.    0.   -0.   -0.   -0.13  0.13]
orbital number 46
[ 0.37 -0.   -0.37  0.32 -0.   -0.32  0.   -0.   -0.01  0.01 -0.   -0.01
  0.01  0.   -0.01  0.01  0.   -0.01  0.01 -0.   -0.   -0.01  0.01 -0.
 -0.01  0.01  0.   -0.01  0.01  0.   -0.01  0.01  0.31 -0.35  0.    0.35
 -0.31  0.   -0.04  0.04  0.   -0.04  0.04  0.   -0.13  0.13  0.    0.
 -0.    0.   -0.   -0.    0.    0.   -0.    0.   -0.   -0.    0.13 -0.13]
orbital number 47
[ 0.   -0.    0.    0.   -0.    0.   -0.    0.   -0.35  0.31  0.   -0.31
  0.35  0.    0.35 -0.31  0.    0.31 -0.36 -0.    0.   -0.08  0.07  0.
 -0.07  0.08  0.    0.08 -0.07  0.    0.07 -0.08 -0.   -0.   -0.    0.
 -0.    0.   -0.   -0.    0.   -0.   -0.    0.   -0.   -0.    0.13 -0.
 -0.13 -0.13 -0.    0.13  0.03 -0.   -0.03 -0.03 -0.    0.03  0.   -0.  ]
orbital number 48
[-0.    0.   -0.   -0.    0.   -0.    0.    0.    0.08 -0.07  0.    0.07
 -0.08  0.   -0.08  0.07  0.   -0.07  0.08 -0.    0.   -0.35  0.31  0.
 -0.31  0.35  0.    0.35 -0.31  0.    0.31 -0.36  0.    0.   -0.    0.
  0.   -0.    0.   -0.    0.   -0.    0.    0.    0.    0.   -0.03 -0.
  0.03  0.03 -0.   -0.03  0.13 -0.   -0.13 -0.13 -0.    0.13 -0.   -0.  ]
orbital number 49
[-0.   -0.    0.   -0.   -0.    0.   -0.    0.01  0.36 -0.32  0.01  0.31
 -0.37 -0.01  0.36 -0.31 -0.01  0.32 -0.35 -0.   -0.   -0.01  0.01 -0.
 -0.01  0.02  0.   -0.01  0.01  0.   -0.01  0.01  0.02 -0.02  0.    0.02
 -0.02  0.   -0.    0.    0.   -0.    0.    0.    0.   -0.   -0.13 -0.
  0.13 -0.13  0.    0.13  0.01  0.   -0.01  0.01 -0.   -0.01  0.01 -0.01]
orbital number 50
[-0.02  0.    0.02 -0.02  0.    0.02 -0.   -0.   -0.01  0.01 -0.   -0.01
  0.01  0.   -0.01  0.01  0.   -0.01  0.01 -0.   -0.01 -0.36  0.33 -0.01
 -0.32  0.37  0.01 -0.36  0.31  0.01 -0.32  0.35 -0.    0.   -0.   -0.
  0.   -0.    0.   -0.    0.    0.   -0.    0.    0.01 -0.01  0.01  0.
 -0.01  0.01 -0.   -0.01  0.13  0.   -0.13  0.13 -0.   -0.13 -0.    0.  ]
orbital number 51
[-0.08  0.09 -0.08  0.    0.08  0.    0.09 -0.24  0.12  0.13 -0.28  0.12
  0.12 -0.24  0.12  0.12 -0.28  0.13  0.12  0.09 -0.24  0.12  0.13 -0.28
  0.12  0.12 -0.24  0.12  0.12 -0.28  0.13  0.12  0.   -0.08  0.09 -0.08
  0.    0.08  0.08  0.08 -0.18  0.08  0.08 -0.18  0.03  0.03 -0.04  0.1
 -0.05 -0.05  0.1  -0.04 -0.04  0.1  -0.05 -0.05  0.1  -0.04  0.03  0.03]
orbital number 52
[-0.05  0.13 -0.05 -0.1   0.17 -0.1   0.14 -0.23  0.11  0.13 -0.28  0.13
  0.11 -0.23  0.11  0.13 -0.28  0.13  0.11 -0.14  0.23 -0.11 -0.13  0.28
 -0.13 -0.11  0.23 -0.11 -0.13  0.28 -0.13 -0.11  0.1   0.05 -0.13  0.05
  0.1  -0.17  0.06 -0.06  0.01 -0.06  0.06 -0.01  0.02  0.02 -0.04  0.1
 -0.04 -0.04  0.1  -0.04  0.04 -0.1   0.04  0.04 -0.1   0.04 -0.02 -0.02]
orbital number 53
[-0.18  0.29 -0.18 -0.09  0.31 -0.09 -0.1   0.08 -0.03 -0.06  0.12 -0.06
 -0.03  0.08 -0.03 -0.06  0.12 -0.06 -0.03 -0.1   0.08 -0.03 -0.06  0.12
 -0.06 -0.03  0.08 -0.03 -0.06  0.12 -0.06 -0.03 -0.09 -0.18  0.29 -0.18
 -0.09  0.31  0.14  0.14 -0.35  0.14  0.14 -0.35  0.06  0.06  0.01 -0.04
  0.01  0.01 -0.04  0.01  0.01 -0.04  0.01  0.01 -0.04  0.01  0.06  0.06]
orbital number 54
[-0.24  0.25 -0.24  0.17 -0.09  0.17  0.04  0.01 -0.02  0.03 -0.04  0.04
 -0.02  0.01 -0.02  0.04 -0.04  0.03 -0.02 -0.04 -0.01  0.02 -0.03  0.04
 -0.04  0.02 -0.01  0.02 -0.04  0.04 -0.03  0.02 -0.17  0.24 -0.25  0.24
 -0.17  0.09 -0.29  0.29 -0.27  0.29 -0.29  0.27  0.07  0.07  0.01  0.01
  0.01  0.01  0.01  0.01 -0.01 -0.01 -0.01 -0.01 -0.01 -0.01 -0.07 -0.07]
orbital number 55
[ 0.   -0.    0.   -0.    0.   -0.   -0.   -0.27  0.28 -0.28  0.3  -0.28
  0.29  0.27 -0.29  0.28 -0.3   0.28 -0.28  0.   -0.    0.   -0.    0.
 -0.    0.    0.   -0.    0.   -0.    0.   -0.   -0.    0.   -0.    0.
 -0.    0.    0.    0.   -0.    0.    0.   -0.   -0.   -0.   -0.08 -0.08
 -0.08  0.08  0.08  0.08 -0.   -0.   -0.    0.    0.    0.    0.   -0.  ]
orbital number 56
[-0.    0.   -0.    0.   -0.    0.   -0.   -0.    0.   -0.    0.   -0.
  0.    0.   -0.    0.   -0.    0.   -0.    0.    0.27 -0.28  0.28 -0.3
  0.28 -0.28 -0.27  0.29 -0.28  0.3  -0.28  0.28  0.   -0.    0.   -0.
  0.   -0.   -0.   -0.    0.   -0.   -0.    0.    0.    0.   -0.   -0.
 -0.    0.    0.    0.    0.08  0.08  0.08 -0.08 -0.08 -0.08  0.    0.  ]
orbital number 57
[ 0.23 -0.21  0.23 -0.23  0.26 -0.23 -0.    0.11 -0.11  0.11 -0.12  0.11
 -0.11  0.11 -0.11  0.11 -0.12  0.11 -0.11 -0.    0.11 -0.12  0.11 -0.12
  0.11 -0.12  0.11 -0.11  0.11 -0.12  0.11 -0.11 -0.23  0.22 -0.21  0.22
 -0.23  0.26  0.03  0.03 -0.11  0.03  0.03 -0.11 -0.06 -0.06  0.03  0.03
  0.03  0.03  0.03  0.03  0.03  0.03  0.03  0.03  0.03  0.03 -0.06 -0.06]
orbital number 58
[-0.   -0.01 -0.    0.03 -0.07  0.03 -0.07  0.2  -0.2   0.18 -0.18  0.18
 -0.2   0.2  -0.2   0.18 -0.18  0.18 -0.2   0.07 -0.2   0.2  -0.18  0.18
 -0.18  0.2  -0.2   0.2  -0.18  0.18 -0.18  0.2  -0.03  0.    0.01  0.
 -0.03  0.07  0.09 -0.09  0.11 -0.09  0.09 -0.11 -0.   -0.    0.06  0.05
  0.06  0.06  0.05  0.06 -0.06 -0.05 -0.06 -0.06 -0.05 -0.06  0.    0.  ]
orbital number 59
[-0.16  0.17 -0.16  0.15 -0.15  0.15 -0.09  0.18 -0.17  0.15 -0.15  0.15
 -0.17  0.18 -0.17  0.15 -0.15  0.15 -0.17 -0.09  0.18 -0.17  0.15 -0.15
  0.15 -0.17  0.18 -0.17  0.15 -0.15  0.15 -0.17  0.15 -0.16  0.17 -0.16
  0.15 -0.15 -0.02 -0.02  0.06 -0.02 -0.02  0.07  0.05  0.05  0.05  0.04
  0.05  0.05  0.04  0.05  0.05  0.04  0.05  0.05  0.04  0.05  0.05  0.05]
orbital number 60
[ 0.19 -0.17  0.19 -0.21  0.27 -0.21 -0.05  0.05 -0.05  0.04 -0.03  0.04
 -0.05  0.05 -0.05  0.04 -0.03  0.04 -0.05  0.05 -0.05  0.05 -0.04  0.03
 -0.04  0.05 -0.05  0.05 -0.04  0.03 -0.04  0.05  0.21 -0.19  0.17 -0.19
  0.21 -0.27 -0.25  0.25 -0.3   0.25 -0.25  0.3  -0.05 -0.05  0.01  0.01
  0.01  0.01  0.01  0.01 -0.01 -0.01 -0.01 -0.01 -0.01 -0.01  0.05  0.05]