# wavelength_nm  intensity
200.000000 0.007867
200.500000 0.007990
201.000000 0.008114
201.500000 0.008242
202.000000 0.008372
202.500000 0.008505
203.000000 0.008640
203.500000 0.008778
204.000000 0.008919
204.500000 0.009063
205.000000 0.009210
205.500000 0.009361
206.000000 0.009514
206.500000 0.009671
207.000000 0.009831
207.500000 0.009995
208.000000 0.010162
208.500000 0.010333
209.000000 0.010508
209.500000 0.010686
210.000000 0.010869
210.500000 0.011056
211.000000 0.011248
211.500000 0.011443
212.000000 0.011644
212.500000 0.011849
213.000000 0.012059
213.500000 0.012274
214.000000 0.012494
214.500000 0.012720
215.000000 0.012951
215.500000 0.013188
216.000000 0.013431
216.500000 0.013680
217.000000 0.013936
217.500000 0.014198
218.000000 0.014467
218.500000 0.014743
219.000000 0.015026
219.500000 0.015317
220.000000 0.015616
220.500000 0.015923
221.000000 0.016238
221.500000 0.016562
222.000000 0.016895
222.500000 0.017238
223.000000 0.017590
223.500000 0.017953
224.000000 0.018326
224.500000 0.018711
225.000000 0.019106
225.500000 0.019514
226.000000 0.019934
226.500000 0.020368
227.000000 0.020814
227.500000 0.021275
228.000000 0.021751
228.500000 0.022242
229.000000 0.022749
229.500000 0.023272
230.000000 0.023814
230.500000 0.024373
231.000000 0.024952
231.500000 0.025551
232.000000 0.026171
232.500000 0.026814
233.000000 0.027479
233.500000 0.028169
234.000000 0.028884
234.500000 0.029627
235.000000 0.030397
235.500000 0.031198
236.000000 0.032030
236.500000 0.032895
237.000000 0.033795
237.500000 0.034731
238.000000 0.035707
238.500000 0.036724
239.000000 0.037785
239.500000 0.038892
240.000000 0.040048
240.500000 0.041256
241.000000 0.042519
241.500000 0.043840
242.000000 0.045225
242.500000 0.046675
243.000000 0.048197
243.500000 0.049794
244.000000 0.051472
244.500000 0.053237
245.000000 0.055093
245.500000 0.057049
246.000000 0.059111
246.500000 0.061287
247.000000 0.063586
247.500000 0.066016
248.000000 0.068588
248.500000 0.071313
249.000000 0.074203
249.500000 0.077270
250.000000 0.080530
250.500000 0.083997
251.000000 0.087688
251.500000 0.091621
252.000000 0.095816
252.500000 0.100295
253.000000 0.105079
253.500000 0.110193
254.000000 0.115662
254.500000 0.121513
255.000000 0.127773
255.500000 0.134469
256.000000 0.141630
256.500000 0.149280
257.000000 0.157445
257.500000 0.166144
258.000000 0.175391
258.500000 0.185195
259.000000 0.195554
259.500000 0.206453
260.000000 0.217865
260.500000 0.229744
261.000000 0.242027
261.500000 0.254632
262.000000 0.267456
262.500000 0.280380
263.000000 0.293275
263.500000 0.306003
264.000000 0.318430
264.500000 0.330433
265.000000 0.341906
265.500000 0.352767
266.000000 0.362961
266.500000 0.372463
267.000000 0.381273
267.500000 0.389414
268.000000 0.396927
268.500000 0.403865
269.000000 0.410283
269.500000 0.416233
270.000000 0.421760
270.500000 0.426898
271.000000 0.431664
271.500000 0.436071
272.000000 0.440120
272.500000 0.443818
273.000000 0.447173
273.500000 0.450208
274.000000 0.452955
274.500000 0.455458
275.000000 0.457769
275.500000 0.459936
276.000000 0.462002
276.500000 0.463994
277.000000 0.465917
277.500000 0.467752
278.000000 0.469458
278.500000 0.470973
279.000000 0.472221
279.500000 0.473120
280.000000 0.473595
280.500000 0.473581
281.000000 0.473032
281.500000 0.471926
282.000000 0.470265
282.500000 0.468074
283.000000 0.465398
283.500000 0.462296
284.000000 0.458839
284.500000 0.455103
285.000000 0.451164
285.500000 0.447098
286.000000 0.442973
286.500000 0.438849
287.000000 0.434776
287.500000 0.430795
288.000000 0.426934
288.500000 0.423212
289.000000 0.419640
289.500000 0.416221
290.000000 0.412953
290.500000 0.409828
291.000000 0.406839
291.500000 0.403975
292.000000 0.401228
292.500000 0.398587
293.000000 0.396045
293.500000 0.393595
294.000000 0.391233
294.500000 0.388954
295.000000 0.386758
295.500000 0.384645
296.000000 0.382617
296.500000 0.380678
297.000000 0.378832
297.500000 0.377086
298.000000 0.375447
298.500000 0.373926
299.000000 0.372532
299.500000 0.371279
300.000000 0.370182
300.500000 0.369258
301.000000 0.368524
301.500000 0.368000
302.000000 0.367700
302.500000 0.367641
303.000000 0.367830
303.500000 0.368272
304.000000 0.368961
304.500000 0.369884
305.000000 0.371018
305.500000 0.372328
306.000000 0.373772
306.500000 0.375295
307.000000 0.376839
307.500000 0.378334
308.000000 0.379711
308.500000 0.380897
309.000000 0.381820
309.500000 0.382416
310.000000 0.382626
310.500000 0.382402
311.000000 0.381710
311.500000 0.380528
312.000000 0.378851
312.500000 0.376691
313.000000 0.374071
313.500000 0.371028
314.000000 0.367611
314.500000 0.363874
315.000000 0.359877
315.500000 0.355682
316.000000 0.351350
316.500000 0.346941
317.000000 0.342508
317.500000 0.338102
318.000000 0.333767
318.500000 0.329540
319.000000 0.325453
319.500000 0.321531
320.000000 0.317794
320.500000 0.314256
321.000000 0.310925
321.500000 0.307808
322.000000 0.304905
322.500000 0.302213
323.000000 0.299729
323.500000 0.297446
324.000000 0.295354
324.500000 0.293444
325.000000 0.291704
325.500000 0.290122
326.000000 0.288682
326.500000 0.287368
327.000000 0.286162
327.500000 0.285041
328.000000 0.283981
328.500000 0.282954
329.000000 0.281931
329.500000 0.280877
330.000000 0.279758
330.500000 0.278536
331.000000 0.277176
331.500000 0.275642
332.000000 0.273901
332.500000 0.271925
333.000000 0.269690
333.500000 0.267180
334.000000 0.264386
334.500000 0.261304
335.000000 0.257942
335.500000 0.254312
336.000000 0.250433
336.500000 0.246332
337.000000 0.242038
337.500000 0.237584
338.000000 0.233004
338.500000 0.228333
339.000000 0.223608
339.500000 0.218859
340.000000 0.214120
340.500000 0.209418
341.000000 0.204778
341.500000 0.200223
342.000000 0.195771
342.500000 0.191438
343.000000 0.187237
343.500000 0.183178
344.000000 0.179268
344.500000 0.175512
345.000000 0.171913
345.500000 0.168474
346.000000 0.165193
346.500000 0.162072
347.000000 0.159107
347.500000 0.156296
348.000000 0.153636
348.500000 0.151124
349.000000 0.148755
349.500000 0.146527
350.000000 0.144433
350.500000 0.142471
351.000000 0.140636
351.500000 0.138923
352.000000 0.137327
352.500000 0.135845
353.000000 0.134470
353.500000 0.133198
354.000000 0.132024
354.500000 0.130943
355.000000 0.129950
355.500000 0.129039
356.000000 0.128204
356.500000 0.127441
357.000000 0.126743
357.500000 0.126105
358.000000 0.125521
358.500000 0.124985
359.000000 0.124491
359.500000 0.124035
360.000000 0.123609
360.500000 0.123210
361.000000 0.122832
361.500000 0.122470
362.000000 0.122119
362.500000 0.121776
363.000000 0.121435
363.500000 0.121094
364.000000 0.120748
364.500000 0.120395
365.000000 0.120031
365.500000 0.119653
366.000000 0.119260
366.500000 0.118848
367.000000 0.118416
367.500000 0.117963
368.000000 0.117485
368.500000 0.116983
369.000000 0.116455
369.500000 0.115902
370.000000 0.115322
370.500000 0.114717
371.000000 0.114088
371.500000 0.113435
372.000000 0.112760
372.500000 0.112065
373.000000 0.111354
373.500000 0.110629
374.000000 0.109893
374.500000 0.109149
375.000000 0.108402
375.500000 0.107655
376.000000 0.106911
376.500000 0.106175
377.000000 0.105449
377.500000 0.104738
378.000000 0.104045
378.500000 0.103373
379.000000 0.102724
379.500000 0.102102
380.000000 0.101508
380.500000 0.100946
381.000000 0.100415
381.500000 0.099920
382.000000 0.099459
382.500000 0.099035
383.000000 0.098649
383.500000 0.098301
384.000000 0.097991
384.500000 0.097719
385.000000 0.097486
385.500000 0.097290
386.000000 0.097132
386.500000 0.097010
387.000000 0.096923
387.500000 0.096871
388.000000 0.096851
388.500000 0.096861
389.000000 0.096901
389.500000 0.096968
390.000000 0.097060
390.500000 0.097175
391.000000 0.097309
391.500000 0.097461
392.000000 0.097629
392.500000 0.097808
393.000000 0.097997
393.500000 0.098193
394.000000 0.098394
394.500000 0.098596
395.000000 0.098797
395.500000 0.098995
396.000000 0.099187
396.500000 0.099372
397.000000 0.099547
397.500000 0.099711
398.000000 0.099863
398.500000 0.100002
399.000000 0.100127
399.500000 0.100237
400.000000 0.100334
400.500000 0.100415
401.000000 0.100483
401.500000 0.100538
402.000000 0.100581
402.500000 0.100612
403.000000 0.100634
403.500000 0.100647
404.000000 0.100653
404.500000 0.100654
405.000000 0.100651
405.500000 0.100645
406.000000 0.100639
406.500000 0.100633
407.000000 0.100629
407.500000 0.100629
408.000000 0.100633
408.500000 0.100643
409.000000 0.100661
409.500000 0.100686
410.000000 0.100720
410.500000 0.100765
411.000000 0.100820
411.500000 0.100888
412.000000 0.100969
412.500000 0.101063
413.000000 0.101172
413.500000 0.101296
414.000000 0.101436
414.500000 0.101594
415.000000 0.101770
415.500000 0.101964
416.000000 0.102178
416.500000 0.102412
417.000000 0.102667
417.500000 0.102943
418.000000 0.103242
418.500000 0.103562
419.000000 0.103906
419.500000 0.104272
420.000000 0.104661
420.500000 0.105073
421.000000 0.105508
421.500000 0.105966
422.000000 0.106445
422.500000 0.106947
423.000000 0.107469
423.500000 0.108011
424.000000 0.108572
424.500000 0.109151
425.000000 0.109747
425.500000 0.110359
426.000000 0.110985
426.500000 0.111624
427.000000 0.112274
427.500000 0.112934
428.000000 0.113602
428.500000 0.114277
429.000000 0.114957
429.500000 0.115641
430.000000 0.116327
430.500000 0.117013
431.000000 0.117700
431.500000 0.118385
432.000000 0.119067
432.500000 0.119746
433.000000 0.120421
433.500000 0.121091
434.000000 0.121756
434.500000 0.122416
435.000000 0.123070
435.500000 0.123720
436.000000 0.124365
436.500000 0.125006
437.000000 0.125644
437.500000 0.126280
438.000000 0.126914
438.500000 0.127548
439.000000 0.128184
439.500000 0.128822
440.000000 0.129465
440.500000 0.130115
441.000000 0.130772
441.500000 0.131439
442.000000 0.132117
442.500000 0.132810
443.000000 0.133517
443.500000 0.134242
444.000000 0.134987
444.500000 0.135753
445.000000 0.136542
445.500000 0.137356
446.000000 0.138197
446.500000 0.139066
447.000000 0.139966
447.500000 0.140898
448.000000 0.141863
448.500000 0.142863
449.000000 0.143900
449.500000 0.144975
450.000000 0.146088
450.500000 0.147242
451.000000 0.148438
451.500000 0.149676
452.000000 0.150958
452.500000 0.152285
453.000000 0.153657
453.500000 0.155076
454.000000 0.156542
454.500000 0.158057
455.000000 0.159621
455.500000 0.161234
456.000000 0.162898
456.500000 0.164614
457.000000 0.166381
457.500000 0.168201
458.000000 0.170074
458.500000 0.172001
459.000000 0.173983
459.500000 0.176020
460.000000 0.178113
460.500000 0.180262
461.000000 0.182468
461.500000 0.184732
462.000000 0.187053
462.500000 0.189433
463.000000 0.191871
463.500000 0.194368
464.000000 0.196925
464.500000 0.199541
465.000000 0.202217
465.500000 0.204952
466.000000 0.207747
466.500000 0.210602
467.000000 0.213515
467.500000 0.216488
468.000000 0.219518
468.500000 0.222606
469.000000 0.225750
469.500000 0.228951
470.000000 0.232205
470.500000 0.235513
471.000000 0.238873
471.500000 0.242284
472.000000 0.245742
472.500000 0.249247
473.000000 0.252797
473.500000 0.256388
474.000000 0.260019
474.500000 0.263687
475.000000 0.267389
475.500000 0.271121
476.000000 0.274882
476.500000 0.278666
477.000000 0.282471
477.500000 0.286293
478.000000 0.290128
478.500000 0.293971
479.000000 0.297819
479.500000 0.301667
480.000000 0.305509
480.500000 0.309342
481.000000 0.313161
481.500000 0.316960
482.000000 0.320733
482.500000 0.324476
483.000000 0.328182
483.500000 0.331847
484.000000 0.335464
484.500000 0.339027
485.000000 0.342530
485.500000 0.345967
486.000000 0.349332
486.500000 0.352619
487.000000 0.355820
487.500000 0.358931
488.000000 0.361944
488.500000 0.364853
489.000000 0.367653
489.500000 0.370337
490.000000 0.372899
490.500000 0.375333
491.000000 0.377634
491.500000 0.379797
492.000000 0.381815
492.500000 0.383685
493.000000 0.385401
493.500000 0.386961
494.000000 0.388358
494.500000 0.389591
495.000000 0.390657
495.500000 0.391552
496.000000 0.392274
496.500000 0.392823
497.000000 0.393196
497.500000 0.393394
498.000000 0.393416
498.500000 0.393263
499.000000 0.392935
499.500000 0.392435
500.000000 0.391765
500.500000 0.390926
501.000000 0.389922
501.500000 0.388757
502.000000 0.387434
502.500000 0.385958
503.000000 0.384334
503.500000 0.382567
504.000000 0.380662
504.500000 0.378625
505.000000 0.376463
505.500000 0.374181
506.000000 0.371787
506.500000 0.369285
507.000000 0.366685
507.500000 0.363991
508.000000 0.361212
508.500000 0.358353
509.000000 0.355422
509.500000 0.352425
510.000000 0.349370
510.500000 0.346262
511.000000 0.343108
511.500000 0.339915
512.000000 0.336688
512.500000 0.333433
513.000000 0.330156
513.500000 0.326863
514.000000 0.323559
514.500000 0.320248
515.000000 0.316935
515.500000 0.313626
516.000000 0.310323
516.500000 0.307031
517.000000 0.303755
517.500000 0.300496
518.000000 0.297259
518.500000 0.294046
519.000000 0.290861
519.500000 0.287705
520.000000 0.284581
520.500000 0.281491
521.000000 0.278438
521.500000 0.275422
522.000000 0.272445
522.500000 0.269508
523.000000 0.266613
523.500000 0.263761
524.000000 0.260952
524.500000 0.258187
525.000000 0.255467
525.500000 0.252792
526.000000 0.250162
526.500000 0.247579
527.000000 0.245041
527.500000 0.242549
528.000000 0.240103
528.500000 0.237703
529.000000 0.235349
529.500000 0.233041
530.000000 0.230777
530.500000 0.228559
531.000000 0.226386
531.500000 0.224257
532.000000 0.222172
532.500000 0.220131
533.000000 0.218133
533.500000 0.216178
534.000000 0.214265
534.500000 0.212394
535.000000 0.210565
535.500000 0.208777
536.000000 0.207030
536.500000 0.205323
537.000000 0.203656
537.500000 0.202029
538.000000 0.200440
538.500000 0.198890
539.000000 0.197378
539.500000 0.195905
540.000000 0.194468
540.500000 0.193069
541.000000 0.191707
541.500000 0.190381
542.000000 0.189091
542.500000 0.187837
543.000000 0.186619
543.500000 0.185436
544.000000 0.184287
544.500000 0.183173
545.000000 0.182094
545.500000 0.181048
546.000000 0.180036
546.500000 0.179058
547.000000 0.178113
547.500000 0.177201
548.000000 0.176321
548.500000 0.175474
549.000000 0.174659
549.500000 0.173876
550.000000 0.173125
550.500000 0.172405
551.000000 0.171716
551.500000 0.171059
552.000000 0.170432
552.500000 0.169835
553.000000 0.169269
553.500000 0.168733
554.000000 0.168226
554.500000 0.167749
555.000000 0.167301
555.500000 0.166883
556.000000 0.166493
556.500000 0.166132
557.000000 0.165799
557.500000 0.165494
558.000000 0.165217
558.500000 0.164968
559.000000 0.164746
559.500000 0.164551
560.000000 0.164383
560.500000 0.164241
561.000000 0.164126
561.500000 0.164037
562.000000 0.163974
562.500000 0.163936
563.000000 0.163923
563.500000 0.163935
564.000000 0.163972
564.500000 0.164034
565.000000 0.164119
565.500000 0.164228
566.000000 0.164361
566.500000 0.164516
567.000000 0.164694
567.500000 0.164895
568.000000 0.165118
568.500000 0.165362
569.000000 0.165628
569.500000 0.165914
570.000000 0.166221
570.500000 0.166548
571.000000 0.166894
571.500000 0.167260
572.000000 0.167644
572.500000 0.168046
573.000000 0.168466
573.500000 0.168904
574.000000 0.169358
574.500000 0.169828
575.000000 0.170314
575.500000 0.170814
576.000000 0.171329
576.500000 0.171858
577.000000 0.172400
577.500000 0.172955
578.000000 0.173521
578.500000 0.174099
579.000000 0.174687
579.500000 0.175285
580.000000 0.175892
580.500000 0.176508
581.000000 0.177131
581.500000 0.177761
582.000000 0.178398
582.500000 0.179040
583.000000 0.179686
583.500000 0.180337
584.000000 0.180990
584.500000 0.181646
585.000000 0.182304
585.500000 0.182963
586.000000 0.183621
586.500000 0.184279
587.000000 0.184936
587.500000 0.185591
588.000000 0.186242
588.500000 0.186890
589.000000 0.187534
589.500000 0.188174
590.000000 0.188807
590.500000 0.189435
591.000000 0.190055
591.500000 0.190669
592.000000 0.191275
592.500000 0.191872
593.000000 0.192461
593.500000 0.193041
594.000000 0.193611
594.500000 0.194172
595.000000 0.194722
595.500000 0.195262
596.000000 0.195792
596.500000 0.196311
597.000000 0.196819
597.500000 0.197316
598.000000 0.197802
598.500000 0.198278
599.000000 0.198743
599.500000 0.199197
600.000000 0.199641
600.500000 0.200074
601.000000 0.200498
601.500000 0.200911
602.000000 0.201316
602.500000 0.201712
603.000000 0.202099
603.500000 0.202478
604.000000 0.202850
604.500000 0.203214
605.000000 0.203573
605.500000 0.203925
606.000000 0.204272
606.500000 0.204615
607.000000 0.204953
607.500000 0.205289
608.000000 0.205622
608.500000 0.205953
609.000000 0.206283
609.500000 0.206613
610.000000 0.206943
610.500000 0.207275
611.000000 0.207608
611.500000 0.207944
612.000000 0.208284
612.500000 0.208627
613.000000 0.208976
613.500000 0.209331
614.000000 0.209692
614.500000 0.210060
615.000000 0.210436
615.500000 0.210821
616.000000 0.211215
616.500000 0.211619
617.000000 0.212034
617.500000 0.212460
618.000000 0.212899
618.500000 0.213350
619.000000 0.213814
619.500000 0.214292
620.000000 0.214784
620.500000 0.215291
621.000000 0.215814
621.500000 0.216353
622.000000 0.216908
622.500000 0.217480
623.000000 0.218070
623.500000 0.218677
624.000000 0.219302
624.500000 0.219946
625.000000 0.220609
625.500000 0.221290
626.000000 0.221992
626.500000 0.222713
627.000000 0.223454
627.500000 0.224216
628.000000 0.224998
628.500000 0.225801
629.000000 0.226624
629.500000 0.227469
630.000000 0.228335
630.500000 0.229222
631.000000 0.230130
631.500000 0.231060
632.000000 0.232012
632.500000 0.232984
633.000000 0.233979
633.500000 0.234994
634.000000 0.236031
634.500000 0.237090
635.000000 0.238169
635.500000 0.239270
636.000000 0.240392
636.500000 0.241534
637.000000 0.242698
637.500000 0.243881
638.000000 0.245085
638.500000 0.246309
639.000000 0.247552
639.500000 0.248815
640.000000 0.250097
640.500000 0.251398
641.000000 0.252717
641.500000 0.254055
642.000000 0.255409
642.500000 0.256781
643.000000 0.258170
643.500000 0.259575
644.000000 0.260996
644.500000 0.262431
645.000000 0.263882
645.500000 0.265347
646.000000 0.266825
646.500000 0.268316
647.000000 0.269819
647.500000 0.271334
648.000000 0.272860
648.500000 0.274396
649.000000 0.275942
649.500000 0.277497
650.000000 0.279059
650.500000 0.280629
651.000000 0.282205
651.500000 0.283787
652.000000 0.285373
652.500000 0.286963
653.000000 0.288557
653.500000 0.290152
654.000000 0.291749
654.500000 0.293346
655.000000 0.294942
655.500000 0.296536
656.000000 0.298128
656.500000 0.299717
657.000000 0.301301
657.500000 0.302879
658.000000 0.304450
658.500000 0.306014
659.000000 0.307570
659.500000 0.309116
660.000000 0.310651
660.500000 0.312174
661.000000 0.313684
661.500000 0.315181
662.000000 0.316662
662.500000 0.318128
663.000000 0.319576
663.500000 0.321007
664.000000 0.322418
664.500000 0.323809
665.000000 0.325179
665.500000 0.326527
666.000000 0.327852
666.500000 0.329153
667.000000 0.330428
667.500000 0.331677
668.000000 0.332899
668.500000 0.334093
669.000000 0.335258
669.500000 0.336393
670.000000 0.337497
670.500000 0.338570
671.000000 0.339610
671.500000 0.340616
672.000000 0.341589
672.500000 0.342526
673.000000 0.343428
673.500000 0.344294
674.000000 0.345122
674.500000 0.345913
675.000000 0.346665
675.500000 0.347378
676.000000 0.348051
676.500000 0.348684
677.000000 0.349277
677.500000 0.349828
678.000000 0.350338
678.500000 0.350805
679.000000 0.351230
679.500000 0.351613
680.000000 0.351952
680.500000 0.352248
681.000000 0.352501
681.500000 0.352709
682.000000 0.352874
682.500000 0.352995
683.000000 0.353071
683.500000 0.353103
684.000000 0.353092
684.500000 0.353036
685.000000 0.352936
685.500000 0.352792
686.000000 0.352604
686.500000 0.352373
687.000000 0.352098
687.500000 0.351780
688.000000 0.351420
688.500000 0.351017
689.000000 0.350572
689.500000 0.350085
690.000000 0.349557
690.500000 0.348989
691.000000 0.348380
691.500000 0.347732
692.000000 0.347044
692.500000 0.346318
693.000000 0.345555
693.500000 0.344754
694.000000 0.343916
694.500000 0.343043
695.000000 0.342135
695.500000 0.341193
696.000000 0.340217
696.500000 0.339209
697.000000 0.338169
697.500000 0.337098
698.000000 0.335997
698.500000 0.334866
699.000000 0.333708
699.500000 0.332521
700.000000 0.331309
700.500000 0.330070
701.000000 0.328807
701.500000 0.327520
702.000000 0.326211
702.500000 0.324879
703.000000 0.323526
703.500000 0.322154
704.000000 0.320762
704.500000 0.319352
705.000000 0.317924
705.500000 0.316481
706.000000 0.315021
706.500000 0.313548
707.000000 0.312060
707.500000 0.310560
708.000000 0.309048
708.500000 0.307525
709.000000 0.305991
709.500000 0.304449
710.000000 0.302897
710.500000 0.301338
711.000000 0.299773
711.500000 0.298200
712.000000 0.296623
712.500000 0.295041
713.000000 0.293454
713.500000 0.291865
714.000000 0.290273
714.500000 0.288679
715.000000 0.287084
715.500000 0.285488
716.000000 0.283893
716.500000 0.282297
717.000000 0.280703
717.500000 0.279111
718.000000 0.277521
718.500000 0.275934
719.000000 0.274350
719.500000 0.272769
720.000000 0.271193
720.500000 0.269621
721.000000 0.268055
721.500000 0.266494
722.000000 0.264938
722.500000 0.263389
723.000000 0.261847
723.500000 0.260311
724.000000 0.258782
724.500000 0.257261
725.000000 0.255747
725.500000 0.254242
726.000000 0.252745
726.500000 0.251256
727.000000 0.249775
727.500000 0.248304
728.000000 0.246842
728.500000 0.245389
729.000000 0.243945
729.500000 0.242511
730.000000 0.241086
730.500000 0.239671
731.000000 0.238266
731.500000 0.236871
732.000000 0.235486
732.500000 0.234111
733.000000 0.232746
733.500000 0.231391
734.000000 0.230047
734.500000 0.228712
735.000000 0.227389
735.500000 0.226075
736.000000 0.224771
736.500000 0.223478
737.000000 0.222196
737.500000 0.220923
738.000000 0.219661
738.500000 0.218408
739.000000 0.217166
739.500000 0.215935
740.000000 0.214713
740.500000 0.213501
741.000000 0.212299
741.500000 0.211107
742.000000 0.209924
742.500000 0.208752
743.000000 0.207589
743.500000 0.206435
744.000000 0.205291
744.500000 0.204157
745.000000 0.203031
745.500000 0.201915
746.000000 0.200808
746.500000 0.199710
747.000000 0.198620
747.500000 0.197540
748.000000 0.196468
748.500000 0.195404
749.000000 0.194350
749.500000 0.193303
750.000000 0.192265
750.500000 0.191234
751.000000 0.190212
751.500000 0.189198
752.000000 0.188191
752.500000 0.187192
753.000000 0.186201
753.500000 0.185217
754.000000 0.184240
754.500000 0.183271
755.000000 0.182308
755.500000 0.181353
756.000000 0.180405
756.500000 0.179463
757.000000 0.178528
757.500000 0.177600
758.000000 0.176678
758.500000 0.175762
759.000000 0.174853
759.500000 0.173950
760.000000 0.173053
760.500000 0.172162
761.000000 0.171277
761.500000 0.170398
762.000000 0.169524
762.500000 0.168656
763.000000 0.167794
763.500000 0.166937
764.000000 0.166085
764.500000 0.165239
765.000000 0.164398
765.500000 0.163562
766.000000 0.162731
766.500000 0.161905
767.000000 0.161084
767.500000 0.160268
768.000000 0.159457
768.500000 0.158650
769.000000 0.157849
769.500000 0.157052
770.000000 0.156259
770.500000 0.155471
771.000000 0.154687
771.500000 0.153908
772.000000 0.153133
772.500000 0.152363
773.000000 0.151597
773.500000 0.150835
774.000000 0.150077
774.500000 0.149324
775.000000 0.148574
775.500000 0.147829
776.000000 0.147088
776.500000 0.146351
777.000000 0.145618
777.500000 0.144888
778.000000 0.144163
778.500000 0.143442
779.000000 0.142725
779.500000 0.142011
780.000000 0.141302
780.500000 0.140596
781.000000 0.139894
781.500000 0.139196
782.000000 0.138502
782.500000 0.137811
783.000000 0.137125
783.500000 0.136442
784.000000 0.135763
784.500000 0.135087
785.000000 0.134415
785.500000 0.133747
786.000000 0.133083
786.500000 0.132423
787.000000 0.131766
787.500000 0.131113
788.000000 0.130463
788.500000 0.129817
789.000000 0.129175
789.500000 0.128537
790.000000 0.127902
790.500000 0.127271
791.000000 0.126643
791.500000 0.126019
792.000000 0.125399
792.500000 0.124783
793.000000 0.124170
793.500000 0.123561
794.000000 0.122955
794.500000 0.122353
795.000000 0.121754
795.500000 0.121160
796.000000 0.120569
796.500000 0.119981
797.000000 0.119397
797.500000 0.118817
798.000000 0.118240
798.500000 0.117667
799.000000 0.117097
799.500000 0.116531
800.000000 0.115969
800.500000 0.115410
801.000000 0.114855
801.500000 0.114303
802.000000 0.113755
802.500000 0.113210
803.000000 0.112669
803.500000 0.112132
804.000000 0.111598
804.500000 0.111067
805.000000 0.110540
805.500000 0.110017
806.000000 0.109497
806.500000 0.108980
807.000000 0.108467
807.500000 0.107958
808.000000 0.107452
808.500000 0.106949
809.000000 0.106450
809.500000 0.105954
810.000000 0.105462
810.500000 0.104973
811.000000 0.104487
811.500000 0.104005
812.000000 0.103526
812.500000 0.103050
813.000000 0.102578
813.500000 0.102110
814.000000 0.101644
814.500000 0.101182
815.000000 0.100723
815.500000 0.100267
816.000000 0.099815
816.500000 0.099366
817.000000 0.098920
817.500000 0.098477
818.000000 0.098038
818.500000 0.097602
819.000000 0.097169
819.500000 0.096739
820.000000 0.096312
820.500000 0.095888
821.000000 0.095467
821.500000 0.095050
822.000000 0.094636
822.500000 0.094224
823.000000 0.093816
823.500000 0.093410
824.000000 0.093008
824.500000 0.092609
825.000000 0.092212
825.500000 0.091819
826.000000 0.091429
826.500000 0.091041
827.000000 0.090656
827.500000 0.090275
828.000000 0.089896
828.500000 0.089519
829.000000 0.089146
829.500000 0.088776
830.000000 0.088408
830.500000 0.088043
831.000000 0.087681
831.500000 0.087322
832.000000 0.086965
832.500000 0.086611
833.000000 0.086260
833.500000 0.085911
834.000000 0.085565
834.500000 0.085221
835.000000 0.084881
835.500000 0.084542
836.000000 0.084207
836.500000 0.083873
837.000000 0.083543
837.500000 0.083215
838.000000 0.082889
838.500000 0.082566
839.000000 0.082245
839.500000 0.081927
840.000000 0.081611
840.500000 0.081298
841.000000 0.080987
841.500000 0.080678
842.000000 0.080372
842.500000 0.080068
843.000000 0.079766
843.500000 0.079467
844.000000 0.079169
844.500000 0.078875
845.000000 0.078582
845.500000 0.078291
846.000000 0.078003
846.500000 0.077717
847.000000 0.077433
847.500000 0.077152
848.000000 0.076872
848.500000 0.076594
849.000000 0.076319
849.500000 0.076046
850.000000 0.075774
850.500000 0.075505
851.000000 0.075238
851.500000 0.074973
852.000000 0.074710
852.500000 0.074449
853.000000 0.074189
853.500000 0.073932
854.000000 0.073677
854.500000 0.073423
855.000000 0.073172
855.500000 0.072922
856.000000 0.072675
856.500000 0.072429
857.000000 0.072185
857.500000 0.071942
858.000000 0.071702
858.500000 0.071463
859.000000 0.071227
859.500000 0.070992
860.000000 0.070758
860.500000 0.070527
861.000000 0.070297
861.500000 0.070069
862.000000 0.069842
862.500000 0.069617
863.000000 0.069394
863.500000 0.069173
864.000000 0.068953
864.500000 0.068735
865.000000 0.068518
865.500000 0.068303
866.000000 0.068090
866.500000 0.067878
867.000000 0.067668
867.500000 0.067459
868.000000 0.067252
868.500000 0.067046
869.000000 0.066842
869.500000 0.066639
870.000000 0.066438
870.500000 0.066238
871.000000 0.066040
871.500000 0.065843
872.000000 0.065648
872.500000 0.065454
873.000000 0.065261
873.500000 0.065070
874.000000 0.064880
874.500000 0.064692
875.000000 0.064505
875.500000 0.064319
876.000000 0.064135
876.500000 0.063952
877.000000 0.063770
877.500000 0.063589
878.000000 0.063410
878.500000 0.063233
879.000000 0.063056
879.500000 0.062881
880.000000 0.062707
880.500000 0.062534
881.000000 0.062362
881.500000 0.062192
882.000000 0.062023
882.500000 0.061855
883.000000 0.061688
883.500000 0.061523
884.000000 0.061358
884.500000 0.061195
885.000000 0.061033
885.500000 0.060872
886.000000 0.060712
886.500000 0.060554
887.000000 0.060396
887.500000 0.060240
888.000000 0.060084
888.500000 0.059930
889.000000 0.059777
889.500000 0.059625
890.000000 0.059474
890.500000 0.059324
891.000000 0.059175
891.500000 0.059027
892.000000 0.058881
892.500000 0.058735
893.000000 0.058590
893.500000 0.058446
894.000000 0.058303
894.500000 0.058162
895.000000 0.058021
895.500000 0.057881
896.000000 0.057742
896.500000 0.057604
897.000000 0.057467
897.500000 0.057331
898.000000 0.057196
898.500000 0.057062
899.000000 0.056929
899.500000 0.056797
900.000000 0.056665
900.500000 0.056535
901.000000 0.056405
901.500000 0.056277
902.000000 0.056149
902.500000 0.056022
903.000000 0.055896
903.500000 0.055771
904.000000 0.055646
904.500000 0.055523
905.000000 0.055400
905.500000 0.055278
906.000000 0.055157
906.500000 0.055037
907.000000 0.054918
907.500000 0.054799
908.000000 0.054682
908.500000 0.054565
909.000000 0.054449
909.500000 0.054333
910.000000 0.054219
910.500000 0.054105
911.000000 0.053992
911.500000 0.053880
912.000000 0.053768
912.500000 0.053658
913.000000 0.053548
913.500000 0.053438
914.000000 0.053330
914.500000 0.053222
915.000000 0.053115
915.500000 0.053009
916.000000 0.052903
916.500000 0.052798
917.000000 0.052694
917.500000 0.052591
918.000000 0.052488
918.500000 0.052386
919.000000 0.052284
919.500000 0.052184
920.000000 0.052083
920.500000 0.051984
921.000000 0.051885
921.500000 0.051787
922.000000 0.051690
922.500000 0.051593
923.000000 0.051497
923.500000 0.051402
924.000000 0.051307
924.500000 0.051213
925.000000 0.051119
925.500000 0.051026
926.000000 0.050934
926.500000 0.050842
927.000000 0.050751
927.500000 0.050661
928.000000 0.050571
928.500000 0.050481
929.000000 0.050393
929.500000 0.050305
930.000000 0.050217
930.500000 0.050130
931.000000 0.050044
931.500000 0.049958
932.000000 0.049873
932.500000 0.049788
933.000000 0.049704
933.500000 0.049621
934.000000 0.049538
934.500000 0.049456
935.000000 0.049374
935.500000 0.049293
936.000000 0.049212
936.500000 0.049132
937.000000 0.049052
937.500000 0.048973
938.000000 0.048894
938.500000 0.048816
939.000000 0.048739
939.500000 0.048662
940.000000 0.048585
940.500000 0.048509
941.000000 0.048434
941.500000 0.048359
942.000000 0.048284
942.500000 0.048210
943.000000 0.048137
943.500000 0.048064
944.000000 0.047991
944.500000 0.047919
945.000000 0.047848
945.500000 0.047777
946.000000 0.047706
946.500000 0.047636
947.000000 0.047566
947.500000 0.047497
948.000000 0.047429
948.500000 0.047360
949.000000 0.047293
949.500000 0.047225
950.000000 0.047159
950.500000 0.047092
951.000000 0.047026
951.500000 0.046961
952.000000 0.046896
952.500000 0.046831
953.000000 0.046767
953.500000 0.046703
954.000000 0.046640
954.500000 0.046577
955.000000 0.046515
955.500000 0.046453
956.000000 0.046391
956.500000 0.046330
957.000000 0.046269
957.500000 0.046209
958.000000 0.046149
958.500000 0.046089
959.000000 0.046030
959.500000 0.045972
960.000000 0.045913
960.500000 0.045855
961.000000 0.045798
961.500000 0.045741
962.000000 0.045684
962.500000 0.045628
963.000000 0.045572
963.500000 0.045516
964.000000 0.045461
964.500000 0.045407
965.000000 0.045352
965.500000 0.045298
966.000000 0.045245
966.500000 0.045191
967.000000 0.045139
967.500000 0.045086
968.000000 0.045034
968.500000 0.044982
969.000000 0.044931
969.500000 0.044880
970.000000 0.044829
970.500000 0.044779
971.000000 0.044729
971.500000 0.044679
972.000000 0.044630
972.500000 0.044581
973.000000 0.044533
973.500000 0.044485
974.000000 0.044437
974.500000 0.044389
975.000000 0.044342
975.500000 0.044295
976.000000 0.044249
976.500000 0.044203
977.000000 0.044157
977.500000 0.044112
978.000000 0.044067
978.500000 0.044022
979.000000 0.043977
979.500000 0.043933
980.000000 0.043890
980.500000 0.043846
981.000000 0.043803
981.500000 0.043760
982.000000 0.043718
982.500000 0.043675
983.000000 0.043634
983.500000 0.043592
984.000000 0.043551
984.500000 0.043510
985.000000 0.043469
985.500000 0.043429
986.000000 0.043389
986.500000 0.043349
987.000000 0.043310
987.500000 0.043271
988.000000 0.043232
988.500000 0.043194
989.000000 0.043156
989.500000 0.043118
990.000000 0.043080
990.500000 0.043043
991.000000 0.043006
991.500000 0.042969
992.000000 0.042933
992.500000 0.042897
993.000000 0.042861
993.500000 0.042825
994.000000 0.042790
994.500000 0.042755
995.000000 0.042720
995.500000 0.042686
996.000000 0.042652
996.500000 0.042618
997.000000 0.042584
997.500000 0.042551
998.000000 0.042518
998.500000 0.042485
999.000000 0.042453
999.500000 0.042421
1000.000000 0.042389
