orbital number 1 energy -6.46228663101298
[-0.39 -0.35 -0.43 -0.43 -0.36 -0.36 -0.21 -0.21]
orbital number 2 energy -4.587848537434236
[ 0.   -0.   -0.5   0.5  -0.34  0.34 -0.37  0.37]
orbital number 3 energy -4.112284012000787
[-0.41  0.61 -0.25 -0.25  0.35  0.35 -0.21 -0.21]
orbital number 4 energy 0.0
[ 0.59 -0.   -0.   -0.   -0.07  0.08 -0.49 -0.63]
orbital number 5 energy 6.217248937900877e-15
[ 0.09  0.    0.   -0.    0.52 -0.52 -0.56  0.39]
orbital number 6 energy 4.112284012000788
[-0.41 -0.61  0.25  0.25  0.35  0.35 -0.21 -0.21]
orbital number 7 energy 4.587848537434236
[ 0.    0.    0.5  -0.5  -0.34  0.34 -0.37  0.37]
orbital number 8 energy 6.462286631012977
[-0.39  0.35  0.43  0.43 -0.36 -0.36 -0.21 -0.21]