orbital number 1 energy -6.46228663101298
[0.42 0.36 0.43 0.43 0.37 0.37 0.16 0.16]
orbital number 2 energy -4.587848537434236
[ 0.   -0.   -0.5   0.5  -0.43  0.43 -0.25  0.25]
orbital number 3 energy -4.112284012000787
[ 0.49 -0.61  0.26  0.26 -0.33 -0.33  0.14  0.14]
orbital number 4 energy 0.0
[ 0.    0.    0.   -0.    0.35 -0.35 -0.61  0.61]
orbital number 5 energy 6.217248937900877e-15
[-0.41  0.    0.    0.   -0.04 -0.04  0.64  0.64]
orbital number 6 energy 4.112284012000788
[ 0.47  0.62 -0.24 -0.24 -0.35 -0.35  0.13  0.13]
orbital number 7 energy 4.587848537434236
[-0.   -0.   -0.5   0.5   0.43 -0.43  0.25 -0.25]
orbital number 8 energy 6.462286631012977
[ 0.44 -0.34 -0.44 -0.44  0.36  0.36  0.16  0.16]