orbital number 1 energy -6.46228663101298
[-0.42 -0.37 -0.43 -0.43 -0.38 -0.38 -0.14 -0.14]
orbital number 2 energy -4.587848537434236
[-0.    0.    0.5  -0.5   0.45 -0.45  0.21 -0.21]
orbital number 3 energy -4.112284012000787
[ 0.51 -0.6   0.26  0.26 -0.33 -0.33  0.11  0.11]
orbital number 4 energy 0.0
[ 0.25 -0.   -0.    0.    0.24 -0.17 -0.92 -0.01]
orbital number 5 energy 6.217248937900877e-15
[ 0.25  0.   -0.   -0.   -0.17  0.24 -0.01 -0.92]
orbital number 6 energy 4.112284012000788
[-0.5  -0.61  0.25  0.25  0.33  0.33 -0.11 -0.11]
orbital number 7 energy 4.587848537434236
[ 0.    0.    0.5  -0.5  -0.45  0.45 -0.21  0.21]
orbital number 8 energy 6.462286631012977
[-0.43  0.36  0.43  0.43 -0.37 -0.37 -0.14 -0.14]