&FCI NORB=8, NELEC=8, MS2=0,
 ORBSYM=1,1,1,1,1,1,1,1,
 ISYM=1,
&END
 3.7949806395573433e+00    1    1    1    1
 1.0808956069487670e+00    2    1    2    1
 3.6401360278790271e+00    2    2    1    1
 2.0883124983966191e-15    2    2    2    1
 3.8380146799951298e+00    2    2    2    2
 5.0046334066066761e-02    3    1    1    1
 2.8872178999354314e-01    3    1    2    2
 9.7040754412909058e-01    3    1    3    1
 3.0739234555475864e-01    3    2    2    1
-1.7018791633687991e-15    3    2    3    1
 3.8201538531329449e-01    3    2    3    2
 3.6879547661110870e+00    3    3    1    1
-2.0856120796542403e-15    3    3    2    1
 3.2639478905649861e+00    3    3    2    2
-4.8785474158532982e-01    3    3    3    1
 4.0898220810381574e+00    3    3    3    3
 2.7731849655550322e-01    4    1    1    1
 1.8039400013706287e-02    4    1    2    1
-1.7996108713168195e-02    4    1    2    2
 1.5172604232105225e-01    4    1    3    1
-2.8222061770786396e-02    4    1    3    2
 2.7281742841198720e-01    4    1    3    3
 4.4292462069330507e-01    4    1    4    1
 3.1530173779841388e-02    4    2    1    1
-4.2684383108683471e-01    4    2    2    1
 3.3624403220192216e-03    4    2    2    2
-4.8420779813897072e-02    4    2    3    1
-2.7904986721996305e-01    4    2    3    2
 4.2742586741244558e-02    4    2    3    3
 4.3622612702647126e-02    4    2    4    1
 5.9591137263779614e-01    4    2    4    2
 2.8433741452963890e-01    4    3    1    1
-5.6753357146414017e-02    4    3    2    1
-1.9799539327951809e-02    4    3    2    2
 1.7193329419688197e-01    4    3    3    1
 1.7455124338135153e-03    4    3    3    2
 2.7680045259035402e-01    4    3    3    3
 4.5407319564223414e-01    4    3    4    1
 5.5993756276373326e-02    4    3    4    2
 4.8074274347295204e-01    4    3    4    3
 3.2140124470209179e+00    4    4    1    1
 1.0788256847633897e-01    4    4    2    1
 3.3185046715292992e+00    4    4    2    2
 7.5120677495989219e-01    4    4    3    1
 6.8159828698566960e-02    4    4    3    2
 2.9981898464093679e+00    4    4    3    3
 1.1976844518382002e-01    4    4    4    1
-2.0493229843179381e-01    4    4    4    2
 1.3748954433683078e-01    4    4    4    3
 4.4149425895595815e+00    4    4    4    4
 2.6834543590399298e-02    5    1    1    1
-1.8642609939354876e-01    5    1    2    1
-1.7413817315432571e-03    5    1    2    2
 1.4681671605154208e-02    5    1    3    1
 2.9165764320178283e-01    5    1    3    2
 2.6399000664842364e-02    5    1    3    3
-2.9009225054864615e-03    5    1    4    1
-2.1410286529735087e-01    5    1    4    2
 6.8292788138153940e-02    5    1    4    3
 6.3514785103236049e-02    5    1    4    4
 4.7262316395725529e-01    5    1    5    1
-3.2584494531472413e-01    5    2    1    1
-4.1303265140482881e-02    5    2    2    1
-3.4748751798929146e-02    5    2    2    2
 5.0039896578825283e-01    5    2    3    1
-2.7002078544409527e-02    5    2    3    2
-4.4171833420769191e-01    5    2    3    3
-2.3248888204707233e-01    5    2    4    1
-1.5090388541839923e-02    5    2    4    2
-2.2585831926347977e-01    5    2    4    3
 5.9345614989161022e-01    5    2    4    4
-4.3622612702646946e-02    5    2    5    1
 7.5040104140074193e-01    5    2    5    2
 2.7513724613928738e-02    5    3    1    1
 5.8651102543635636e-01    5    3    2    1
-1.9158895196858339e-03    5    3    2    2
 1.6637013163826972e-02    5    3    3    1
-1.8038796979464068e-02    5    3    3    2
 2.6784415403721448e-02    5    3    3    3
 6.8292788138154037e-02    5    3    4    1
-3.4738449923295522e-01    5    3    4    2
-9.5590030935169528e-03    5    3    4    3
 1.0303217507853200e-01    5    3    4    4
-2.4508244167680890e-01    5    3    5    1
-5.5993756276373867e-02    5    3    5    2
 5.7860418802934532e-01    5    3    5    3
-8.2606798951901806e-03    5    4    1    1
-5.5223038899879162e-01    5    4    2    1
-7.9417417591516205e-03    5    4    2    2
 9.8419595620736280e-02    5    4    3    1
-3.4889722452757987e-01    5    4    3    2
-2.6504071229287340e-02    5    4    3    3
 5.5002915612852706e-02    5    4    4    1
 7.4049116701432827e-01    5    4    4    2
 7.7022522273549859e-02    5    4    4    3
-7.5013100376186845e-02    5    4    4    4
-2.6047430052533016e-01    5    4    5    1
 1.5055811213390238e-01    5    4    5    2
-4.5184802020412063e-01    5    4    5    3
 9.6673838683231028e-01    5    4    5    4
 3.2985821515866074e+00    5    5    1    1
-1.0788256847633818e-01    5    5    2    1
 3.3998092085443878e+00    5    5    2    2
-2.5637567959880303e-01    5    5    3    1
-6.8159828698567626e-02    5    5    3    2
 3.2695284652746075e+00    5    5    3    3
-1.7250936674519055e-01    5    5    4    1
 1.6478585974288698e-01    5    5    4    2
-1.8305426235578676e-01    5    5    4    3
 3.2093483121946527e+00    5    5    4    4
-6.8618226006800481e-02    5    5    5    1
-1.7856740837976548e-01    5    5    5    2
-1.0744121532305677e-01    5    5    5    3
 1.3011372865787477e-01    5    5    5    4
 3.8508432763930069e+00    5    5    5    5
 1.3912607997987916e-01    6    1    1    1
 3.6357215311279134e-01    6    1    2    2
 4.0106788555166431e-02    6    1    3    1
-1.5476442945595256e-15    6    1    3    2
-2.2543566667081633e-01    6    1    3    3
-1.1242579189563449e-01    6    1    4    1
 2.4382963174092439e-02    6    1    4    2
-1.2453387934835437e-01    6    1    4    3
-2.9667099026056049e-01    6    1    4    4
-1.0878808484758621e-02    6    1    5    1
-2.5198292142471918e-01    6    1    5    2
-1.2050439676265338e-02    6    1    5    3
-5.4907320347972147e-02    6    1    5    4
 2.6544930967079178e-01    6    1    5    5
 5.5805921756841681e-01    6    1    6    1
-1.1676266175715655e-15    6    2    1    1
 4.6629947819902323e-01    6    2    2    1
-2.5180207023908655e-15    6    2    3    1
-2.6347634857184738e-02    6    2    3    2
 3.1467276176113113e-02    6    2    4    1
 8.8252056222553263e-02    6    2    4    2
-2.2436289819169640e-02    6    2    4    3
-2.0221875914033328e-02    6    2    4    4
-3.2519493728147419e-01    6    2    5    1
 8.5396527064054879e-03    6    2    5    2
 2.3186525010105152e-01    6    2    5    3
 1.0351194414453273e-01    6    2    5    4
 2.0221875914032801e-02    6    2    5    5
-1.0630809485696245e-15    6    2    6    1
 3.9136531656147860e-01    6    2    6    2
 5.5825380925518052e-02    6    3    1    1
-2.6045570307931050e-15    6    3    2    1
-1.0325815491029885e-01    6    3    2    2
-5.4702533384538576e-01    6    3    3    1
 5.1591431205316740e-01    6    3    3    3
-1.3219447421277658e-01    6    3    4    1
 5.7053128140861394e-03    6    3    4    2
-1.4070811250276491e-01    6    3    4    3
-5.4533177075792305e-01    6    3    4    4
-1.2791712145901888e-02    6    3    5    1
-5.8960897421318888e-02    6    3    5    2
-1.3615528806686181e-02    6    3    5    3
-2.8564637906042988e-02    6    3    5    4
-2.5289785255874148e-01    6    3    5    5
-2.8036341341017235e-01    6    3    6    1
 9.6982197388725988e-01    6    3    6    3
-2.8433741452963901e-01    6    4    1    1
 5.6753357146413996e-02    6    4    2    1
 1.9799539327951504e-02    6    4    2    2
-1.7193329419688108e-01    6    4    3    1
-1.7455124338136470e-03    6    4    3    2
-2.7680045259035463e-01    6    4    3    3
-4.5407319564223358e-01    6    4    4    1
-5.5993756276373242e-02    6    4    4    2
-4.8074274347295154e-01    6    4    4    3
-1.3748954433682992e-01    6    4    4    4
-6.8292788138154037e-02    6    4    5    1
 2.2585831926347993e-01    6    4    5    2
 9.5590030935170777e-03    6    4    5    3
-7.7022522273549693e-02    6    4    5    4
 1.8305426235578637e-01    6    4    5    5
 1.2453387934835435e-01    6    4    6    1
 2.2436289819169682e-02    6    4    6    2
 1.4070811250276402e-01    6    4    6    3
 4.8074274347295082e-01    6    4    6    4
-2.7513724613928967e-02    6    5    1    1
-5.8651102543635625e-01    6    5    2    1
 1.9158895196855353e-03    6    5    2    2
-1.6637013163826733e-02    6    5    3    1
 1.8038796979464658e-02    6    5    3    2
-2.6784415403721704e-02    6    5    3    3
-6.8292788138154023e-02    6    5    4    1
 3.4738449923295506e-01    6    5    4    2
 9.5590030935170846e-03    6    5    4    3
-1.0303217507853189e-01    6    5    4    4
 2.4508244167680948e-01    6    5    5    1
 5.5993756276374047e-02    6    5    5    2
-5.7860418802934577e-01    6    5    5    3
 4.5184802020412057e-01    6    5    5    4
 1.0744121532305624e-01    6    5    5    5
 1.2050439676265085e-02    6    5    6    1
-2.3186525010105161e-01    6    5    6    2
 1.3615528806686306e-02    6    5    6    3
-9.5590030935171350e-03    6    5    6    4
 5.7860418802934599e-01    6    5    6    5
 3.6879547661110883e+00    6    6    1    1
-1.9380155861231643e-15    6    6    2    1
 3.2639478905649857e+00    6    6    2    2
-4.8785474158533371e-01    6    6    3    1
 4.0898220810381600e+00    6    6    3    3
 2.7281742841198631e-01    6    6    4    1
 4.2742586741244752e-02    6    6    4    2
 2.7680045259035291e-01    6    6    4    3
 2.9981898464093661e+00    6    6    4    4
 2.6399000664842118e-02    6    6    5    1
-4.4171833420769330e-01    6    6    5    2
 2.6784415403721559e-02    6    6    5    3
-2.6504071229287666e-02    6    6    5    4
 3.2695284652746097e+00    6    6    5    5
-2.2543566667081641e-01    6    6    6    1
 5.1591431205316973e-01    6    6    6    3
-2.7680045259035346e-01    6    6    6    4
-2.6784415403721742e-02    6    6    6    5
 4.0898220810381636e+00    6    6    6    6
-2.5258282756567008e-01    7    1    2    1
-2.1833368181457547e-15    7    1    2    2
-3.0561048131292884e-01    7    1    3    2
 1.1537972658331638e-15    7    1    3    3
 1.2446186679896797e-02    7    1    4    1
-9.7998729579629129e-02    7    1    4    2
-2.1092252053113349e-02    7    1    4    3
 2.5260231946009574e-02    7    1    4    4
-1.2862368112543318e-01    7    1    5    1
-9.4827832018833623e-03    7    1    5    2
 2.1797544678315708e-01    7    1    5    3
-1.2930233225587312e-01    7    1    5    4
-2.5260231946010247e-02    7    1    5    5
-1.6281820383561510e-01    7    1    6    2
 1.1419791544483384e-15    7    1    6    3
 2.1092252053113412e-02    7    1    6    4
-2.1797544678315775e-01    7    1    6    5
 1.4492077768969747e-15    7    1    6    6
 5.5476646911284910e-01    7    1    7    1
-4.2968780579163318e-01    7    2    1    1
-2.6377691924996711e-15    7    2    2    1
-4.4692101431078640e-01    7    2    2    2
-4.1804646150833696e-01    7    2    3    1
-1.1241351399310126e-01    7    2    3    3
-2.2635408970773549e-01    7    2    4    1
-3.6556429707131589e-03    7    2    4    2
-2.3758603149078453e-01    7    2    4    3
 8.2242082604173691e-02    7    2    4    4
-2.1903005975338237e-02    7    2    5    1
 3.7778820763859751e-02    7    2    5    2
-2.2989857502107164e-02    7    2    5    3
-2.7867596262054803e-02    7    2    5    4
 3.6753995308694887e-01    7    2    5    5
-1.6158378653933470e-01    7    2    6    1
-1.6296793061541184e-01    7    2    6    3
 2.3758603149078450e-01    7    2    6    4
 2.2989857502107039e-02    7    2    6    5
-1.1241351399309972e-01    7    2    6    6
 8.2746857802994167e-01    7    2    7    2
 1.0784102081765881e-15    7    3    1    1
-4.6629947819902323e-01    7    3    2    1
 2.4270695695199114e-15    7    3    3    1
 2.6347634857183791e-02    7    3    3    2
-3.1467276176113057e-02    7    3    4    1
-8.8252056222553332e-02    7    3    4    2
 2.2436289819169501e-02    7    3    4    3
 2.0221875914033356e-02    7    3    4    4
 3.2519493728147325e-01    7    3    5    1
-8.5396527064056597e-03    7    3    5    2
-2.3186525010105055e-01    7    3    5    3
-1.0351194414453291e-01    7    3    5    4
-2.0221875914032520e-02    7    3    5    5
 1.2566563482561144e-15    7    3    6    1
-3.9136531656147844e-01    7    3    6    2
-2.2436289819169515e-02    7    3    6    4
 2.3186525010105066e-01    7    3    6    5
 1.6281820383561635e-01    7    3    7    1
 3.9136531656147822e-01    7    3    7    3
 3.1530173779841499e-02    7    4    1    1
-4.2684383108683432e-01    7    4    2    1
 3.3624403220193469e-03    7    4    2    2
-4.8420779813896864e-02    7    4    3    1
-2.7904986721996283e-01    7    4    3    2
 4.2742586741244600e-02    7    4    3    3
 4.3622612702647175e-02    7    4    4    1
 5.9591137263779637e-01    7    4    4    2
 5.5993756276373402e-02    7    4    4    3
-2.0493229843179353e-01    7    4    4    4
-2.1410286529735101e-01    7    4    5    1
-1.5090388541839750e-02    7    4    5    2
-3.4738449923295528e-01    7    4    5    3
 7.4049116701432860e-01    7    4    5    4
 1.6478585974288698e-01    7    4    5    5
 2.4382963174092380e-02    7    4    6    1
 8.8252056222553651e-02    7    4    6    2
 5.7053128140861220e-03    7    4    6    3
-5.5993756276373270e-02    7    4    6    4
 3.4738449923295511e-01    7    4    6    5
 4.2742586741244808e-02    7    4    6    6
-9.7998729579629712e-02    7    4    7    1
-3.6556429707132751e-03    7    4    7    2
-8.8252056222553762e-02    7    4    7    3
 5.9591137263779670e-01    7    4    7    4
-3.2584494531472330e-01    7    5    1    1
-4.1303265140482853e-02    7    5    2    1
-3.4748751798928633e-02    7    5    2    2
 5.0039896578825127e-01    7    5    3    1
-2.7002078544409690e-02    7    5    3    2
-4.4171833420769008e-01    7    5    3    3
-2.3248888204707246e-01    7    5    4    1
-1.5090388541839811e-02    7    5    4    2
-2.2585831926347993e-01    7    5    4    3
 5.9345614989161088e-01    7    5    4    4
-4.3622612702647112e-02    7    5    5    1
 7.5040104140074104e-01    7    5    5    2
-5.5993756276373659e-02    7    5    5    3
 1.5055811213390213e-01    7    5    5    4
-1.7856740837976320e-01    7    5    5    5
-2.5198292142471912e-01    7    5    6    1
 8.5396527064055608e-03    7    5    6    2
-5.8960897421319144e-02    7    5    6    3
 2.2585831926348007e-01    7    5    6    4
 5.5993756276373902e-02    7    5    6    5
-4.4171833420769169e-01    7    5    6    6
-9.4827832018831663e-03    7    5    7    1
 3.7778820763861277e-02    7    5    7    2
-8.5396527064057377e-03    7    5    7    3
-1.5090388541839710e-02    7    5    7    4
 7.5040104140074015e-01    7    5    7    5
-3.0739234555475786e-01    7    6    2    1
 2.0895173612130915e-15    7    6    3    1
-3.8201538531329393e-01    7    6    3    2
 2.8222061770786313e-02    7    6    4    1
 2.7904986721996283e-01    7    6    4    2
-1.7455124338135552e-03    7    6    4    3
-6.8159828698566682e-02    7    6    4    4
-2.9165764320178256e-01    7    6    5    1
 2.7002078544409679e-02    7    6    5    2
 1.8038796979463999e-02    7    6    5    3
 3.4889722452757971e-01    7    6    5    4
 6.8159828698567612e-02    7    6    5    5
 1.8099785466256666e-15    7    6    6    1
 2.6347634857184953e-02    7    6    6    2
-1.1892044209576593e-15    7    6    6    3
 1.7455124338136749e-03    7    6    6    4
-1.8038796979464585e-02    7    6    6    5
 3.0561048131292795e-01    7    6    7    1
-2.6347634857184103e-02    7    6    7    3
 2.7904986721996272e-01    7    6    7    4
 2.7002078544409846e-02    7    6    7    5
 3.8201538531329338e-01    7    6    7    6
 3.6401360278790245e+00    7    7    1    1
 1.9394162756087089e-15    7    7    2    1
 3.8380146799951267e+00    7    7    2    2
 2.8872178999354442e-01    7    7    3    1
 3.2639478905649817e+00    7    7    3    3
-1.7996108713168660e-02    7    7    4    1
 3.3624403220191804e-03    7    7    4    2
-1.9799539327952233e-02    7    7    4    3
 3.3185046715292974e+00    7    7    4    4
-1.7413817315429174e-03    7    7    5    1
-3.4748751798927287e-02    7    7    5    2
-1.9158895196862103e-03    7    7    5    3
-7.9417417591513047e-03    7    7    5    4
 3.3998092085443843e+00    7    7    5    5
 3.6357215311279040e-01    7    7    6    1
-1.0325815491029851e-01    7    7    6    3
 1.9799539327951633e-02    7    7    6    4
 1.9158895196860304e-03    7    7    6    5
 3.2639478905649821e+00    7    7    6    6
-2.2125019927690284e-15    7    7    7    1
-4.4692101431078668e-01    7    7    7    2
 3.3624403220191691e-03    7    7    7    4
-3.4748751798926725e-02    7    7    7    5
 3.8380146799951236e+00    7    7    7    7
-1.6508427620444388e-01    8    1    1    1
-2.6633498533194278e-01    8    1    2    2
-7.0415714989796416e-02    8    1    3    1
-1.0226181791281731e-01    8    1    3    3
 9.1762745907236196e-02    8    1    4    1
 1.0565211622222303e-02    8    1    4    2
 9.4052334290556663e-02    8    1    4    3
 2.4147412323806550e-01    8    1    4    4
 8.8793623058230041e-03    8    1    5    1
-1.0918496127929872e-01    8    1    5    2
 9.1009128336074861e-03    8    1    5    3
-2.9404631155702690e-03    8    1    5    4
 2.7157746825629570e-01    8    1    5    5
-3.8970517573631888e-02    8    1    6    1
-4.8394008390711057e-01    8    1    6    3
-9.4052334290556067e-02    8    1    6    4
-9.1009128336076179e-03    8    1    6    5
-1.0226181791281731e-01    8    1    6    6
 5.0839699742953237e-01    8    1    7    2
 1.0565211622222199e-02    8    1    7    4
-1.0918496127929761e-01    8    1    7    5
-2.6633498533194344e-01    8    1    7    7
 5.4618118803296334e-01    8    1    8    1
-2.5258282756567002e-01    8    2    2    1
-1.6584445239278404e-15    8    2    2    2
-3.0561048131292895e-01    8    2    3    2
 1.4835790825287655e-15    8    2    3    3
 1.2446186679896753e-02    8    2    4    1
-9.7998729579629476e-02    8    2    4    2
-2.1092252053113447e-02    8    2    4    3
 2.5260231946010122e-02    8    2    4    4
-1.2862368112543335e-01    8    2    5    1
-9.4827832018834698e-03    8    2    5    2
 2.1797544678315753e-01    8    2    5    3
-1.2930233225587356e-01    8    2    5    4
-2.5260231946009681e-02    8    2    5    5
-1.6281820383561516e-01    8    2    6    2
 2.1092252053113502e-02    8    2    6    4
-2.1797544678315817e-01    8    2    6    5
 1.8099652506822114e-15    8    2    6    6
 5.5476646911284955e-01    8    2    7    1
 1.1219750354964488e-15    8    2    7    2
 1.6281820383561638e-01    8    2    7    3
-9.7998729579630003e-02    8    2    7    4
-9.4827832018833155e-03    8    2    7    5
 3.0561048131292812e-01    8    2    7    6
-1.8857118292260869e-15    8    2    7    7
 5.5476646911285010e-01    8    2    8    2
-1.3912607997987991e-01    8    3    1    1
-3.6357215311279195e-01    8    3    2    2
-4.0106788555165508e-02    8    3    3    1
 1.4685150380234896e-15    8    3    3    2
 2.2543566667081483e-01    8    3    3    3
 1.1242579189563494e-01    8    3    4    1
-2.4382963174092488e-02    8    3    4    2
 1.2453387934835485e-01    8    3    4    3
 2.9667099026056165e-01    8    3    4    4
 1.0878808484758548e-02    8    3    5    1
 2.5198292142471912e-01    8    3    5    2
 1.2050439676265547e-02    8    3    5    3
 5.4907320347972119e-02    8    3    5    4
-2.6544930967079117e-01    8    3    5    5
-5.5805921756841625e-01    8    3    6    1
 1.0432961206776206e-15    8    3    6    2
 2.8036341341016974e-01    8    3    6    3
-1.2453387934835466e-01    8    3    6    4
-1.2050439676265311e-02    8    3    6    5
 2.2543566667081527e-01    8    3    6    6
 1.6158378653933569e-01    8    3    7    2
-1.2436541871524453e-15    8    3    7    3
-2.4382963174092463e-02    8    3    7    4
 2.5198292142471901e-01    8    3    7    5
-1.7107184051326902e-15    8    3    7    6
-3.6357215311279112e-01    8    3    7    7
 3.8970517573633699e-02    8    3    8    1
 5.5805921756841581e-01    8    3    8    3
 2.7731849655550378e-01    8    4    1    1
 1.8039400013706238e-02    8    4    2    1
-1.7996108713167994e-02    8    4    2    2
 1.5172604232105277e-01    8    4    3    1
-2.8222061770786368e-02    8    4    3    2
 2.7281742841198731e-01    8    4    3    3
 4.4292462069330596e-01    8    4    4    1
 4.3622612702647279e-02    8    4    4    2
 4.5407319564223503e-01    8    4    4    3
 1.1976844518381963e-01    8    4    4    4
-2.9009225054863622e-03    8    4    5    1
-2.3248888204707285e-01    8    4    5    2
 6.8292788138153968e-02    8    4    5    3
 5.5002915612852990e-02    8    4    5    4
-1.7250936674519110e-01    8    4    5    5
-1.1242579189563423e-01    8    4    6    1
 3.1467276176113126e-02    8    4    6    2
-1.3219447421277694e-01    8    4    6    3
-4.5407319564223431e-01    8    4    6    4
-6.8292788138153981e-02    8    4    6    5
 2.7281742841198653e-01    8    4    6    6
 1.2446186679896680e-02    8    4    7    1
-2.2635408970773654e-01    8    4    7    2
-3.1467276176113071e-02    8    4    7    3
 4.3622612702647369e-02    8    4    7    4
-2.3248888204707308e-01    8    4    7    5
 2.8222061770786303e-02    8    4    7    6
-1.7996108713168382e-02    8    4    7    7
 9.1762745907236057e-02    8    4    8    1
 1.2446186679896656e-02    8    4    8    2
 1.1242579189563472e-01    8    4    8    3
 4.4292462069330674e-01    8    4    8    4
 2.6834543590399173e-02    8    5    1    1
-1.8642609939354873e-01    8    5    2    1
-1.7413817315434638e-03    8    5    2    2
 1.4681671605154078e-02    8    5    3    1
 2.9165764320178234e-01    8    5    3    2
 2.6399000664842354e-02    8    5    3    3
-2.9009225054863843e-03    8    5    4    1
-2.1410286529735140e-01    8    5    4    2
 6.8292788138153926e-02    8    5    4    3
 6.3514785103236104e-02    8    5    4    4
 4.7262316395725495e-01    8    5    5    1
-4.3622612702646953e-02    8    5    5    2
-2.4508244167680807e-01    8    5    5    3
-2.6047430052533088e-01    8    5    5    4
-6.8618226006800898e-02    8    5    5    5
-1.0878808484758747e-02    8    5    6    1
-3.2519493728147425e-01    8    5    6    2
-1.2791712145901879e-02    8    5    6    3
-6.8292788138153954e-02    8    5    6    4
 2.4508244167680865e-01    8    5    6    5
 2.6399000664841906e-02    8    5    6    6
-1.2862368112543210e-01    8    5    7    1
-2.1903005975338150e-02    8    5    7    2
 3.2519493728147342e-01    8    5    7    3
-2.1410286529735156e-01    8    5    7    4
-4.3622612702647216e-02    8    5    7    5
-2.9165764320178211e-01    8    5    7    6
-1.7413817315432545e-03    8    5    7    7
 8.8793623058231307e-03    8    5    8    1
-1.2862368112543221e-01    8    5    8    2
 1.0878808484758657e-02    8    5    8    3
-2.9009225054863058e-03    8    5    8    4
 4.7262316395725462e-01    8    5    8    5
-5.0046334066066352e-02    8    6    1    1
-2.8872178999354264e-01    8    6    2    2
-9.7040754412908969e-01    8    6    3    1
 1.7291893706519869e-15    8    6    3    2
 4.8785474158532943e-01    8    6    3    3
-1.5172604232105186e-01    8    6    4    1
 4.8420779813896982e-02    8    6    4    2
-1.7193329419688150e-01    8    6    4    3
-7.5120677495989185e-01    8    6    4    4
-1.4681671605154377e-02    8    6    5    1
-5.0039896578825283e-01    8    6    5    2
-1.6637013163826604e-02    8    6    5    3
-9.8419595620736405e-02    8    6    5    4
 2.5637567959880270e-01    8    6    5    5
-4.0106788555166022e-02    8    6    6    1
 2.7952431927487522e-15    8    6    6    2
 5.4702533384538543e-01    8    6    6    3
 1.7193329419688075e-01    8    6    6    4
 1.6637013163826361e-02    8    6    6    5
 4.8785474158533337e-01    8    6    6    6
 4.1804646150833624e-01    8    6    7    2
-2.7151745040727176e-15    8    6    7    3
 4.8420779813896780e-02    8    6    7    4
-5.0039896578825138e-01    8    6    7    5
-2.0522553872909798e-15    8    6    7    6
-2.8872178999354409e-01    8    6    7    7
 7.0415714989796277e-02    8    6    8    1
 4.0106788555165071e-02    8    6    8    3
-1.5172604232105247e-01    8    6    8    4
-1.4681671605154333e-02    8    6    8    5
 9.7040754412908903e-01    8    6    8    6
-1.0925598840701156e-15    8    7    1    1
 1.0808956069487670e+00    8    7    2    1
 2.0757531512532701e-15    8    7    2    2
 3.0739234555475958e-01    8    7    3    2
-2.5133923321802226e-15    8    7    3    3
 1.8039400013706158e-02    8    7    4    1
-4.2684383108683532e-01    8    7    4    2
-5.6753357146413996e-02    8    7    4    3
 1.0788256847633897e-01    8    7    4    4
-1.8642609939354754e-01    8    7    5    1
-4.1303265140482777e-02    8    7    5    2
 5.8651102543635580e-01    8    7    5    3
-5.5223038899879240e-01    8    7    5    4
-1.0788256847633887e-01    8    7    5    5
 4.6629947819902257e-01    8    7    6    2
-2.7294624129168968e-15    8    7    6    3
 5.6753357146413892e-02    8    7    6    4
-5.8651102543635558e-01    8    7    6    5
-2.4576528541874597e-15    8    7    6    6
-2.5258282756567074e-01    8    7    7    1
-3.1228470730393746e-15    8    7    7    2
-4.6629947819902245e-01    8    7    7    3
-4.2684383108683505e-01    8    7    7    4
-4.1303265140482708e-02    8    7    7    5
-3.0739234555475892e-01    8    7    7    6
 1.9516271698836626e-15    8    7    7    7
-2.5258282756567085e-01    8    7    8    2
 1.8039400013706144e-02    8    7    8    4
-1.8642609939354751e-01    8    7    8    5
 1.0808956069487670e+00    8    7    8    7
 3.7949806395573433e+00    8    8    1    1
 3.6401360278790280e+00    8    8    2    2
 5.0046334066069717e-02    8    8    3    1
 3.6879547661110847e+00    8    8    3    3
 2.7731849655550317e-01    8    8    4    1
 3.1530173779840999e-02    8    8    4    2
 2.8433741452963862e-01    8    8    4    3
 3.2140124470209197e+00    8    8    4    4
 2.6834543590399416e-02    8    8    5    1
-3.2584494531472202e-01    8    8    5    2
 2.7513724613928786e-02    8    8    5    3
-8.2606798951901043e-03    8    8    5    4
 3.2985821515866069e+00    8    8    5    5
 1.3912607997987930e-01    8    8    6    1
-1.2325023903379754e-15    8    8    6    2
 5.5825380925516137e-02    8    8    6    3
-2.8433741452963912e-01    8    8    6    4
-2.7513724613929039e-02    8    8    6    5
 3.6879547661110847e+00    8    8    6    6
-4.2968780579163407e-01    8    8    7    2
 1.1666406171441240e-15    8    8    7    3
 3.1530173779841200e-02    8    8    7    4
-3.2584494531472125e-01    8    8    7    5
 3.6401360278790245e+00    8    8    7    7
-1.6508427620444399e-01    8    8    8    1
-1.3912607997988025e-01    8    8    8    3
 2.7731849655550400e-01    8    8    8    4
 2.6834543590399110e-02    8    8    8    5
-5.0046334066069495e-02    8    8    8    6
-1.2433477522586669e-15    8    8    8    7
 3.7949806395573429e+00    8    8    8    8
-2.4760198279702195e+01    1    1    0    0
-2.5756440053594991e-15    2    1    0    0
-2.2642183909538517e+01    2    2    0    0
-2.2257854529144358e-01    3    1    0    0
 1.6221388113344696e-15    3    2    0    0
-2.2315037665237444e+01    3    3    0    0
-1.0594836789524738e+00    4    1    0    0
-1.1916370337670948e-01    4    2    0    0
-1.0448145478073225e+00    4    3    0    0
-1.8264866381673407e+01    4    4    0    0
-1.0252024772706139e-01    5    1    0    0
 1.2314835522761742e+00    5    2    0    0
-1.0110079881169175e-01    5    3    0    0
 3.0312357485571522e-02    5    4    0    0
-1.8575192789398869e+01    5    5    0    0
-5.6939860490313254e-01    6    1    0    0
 1.6890104500953367e-15    6    2    0    0
-1.3873345282010854e-01    6    3    0    0
 1.0294093273229326e+00    6    4    0    0
 9.9610122691121697e-02    6    5    0    0
-1.7545621008987453e+01    6    6    0    0
 2.8865798640254070e-15    7    1    0    0
 1.5282626324999156e+00    7    2    0    0
-1.1108422261789785e-01    7    4    0    0
 1.1479870899855018e+00    7    5    0    0
-1.6921161344365423e+01    7    7    0    0
 5.5431056740404849e-01    8    1    0    0
-1.5543122344752192e-15    8    2    0    0
 4.7720829960474909e-01    8    3    0    0
-9.6359374294207401e-01    8    4    0    0
-9.3241520560599644e-02    8    5    0    0
 1.7073717532786237e-01    8    6    0    0
 1.7763568394002505e-15    8    7    0    0
-1.5915599751702707e+01    8    8    0    0
 1.1215328436530304e+02    0    0    0    0
