&FCI NORB=8, NELEC=8, MS2=0,
 ORBSYM=1,1,1,1,1,1,1,1,
 ISYM=1,
&END
 8.4208384499999998e+00    1    1    1    1
 2.4841615993989317e+00    2    2    1    1
 8.4208384499999998e+00    2    2    2    2
 3.8090469359151977e+00    3    3    1    1
 2.7213017100486963e+00    3    3    2    2
 8.4208384499999998e+00    3    3    3    3
 3.8090469359151977e+00    4    4    1    1
 2.7213017100486963e+00    4    4    2    2
 2.6978121232932755e+00    4    4    3    3
 8.4208384499999998e+00    4    4    4    4
 2.7335151878582291e+00    5    5    1    1
 3.8515197837896991e+00    5    5    2    2
 3.7887325861495347e+00    5    5    3    3
 2.4592002139699831e+00    5    5    4    4
 8.4208384499999998e+00    5    5    5    5
 2.7335151878582291e+00    6    6    1    1
 3.8515197837896991e+00    6    6    2    2
 2.4592002139699831e+00    6    6    3    3
 3.7887325861495347e+00    6    6    4    4
 2.7467944326886617e+00    6    6    5    5
 8.4208384499999998e+00    6    6    6    6
 2.7181478862162316e+00    7    7    1    1
 2.0107662632557375e+00    7    7    2    2
 3.8355748280248729e+00    7    7    3    3
 1.9982668620503141e+00    7    7    4    4
 2.7113522567702426e+00    7    7    5    5
 1.8228311889514266e+00    7    7    6    6
 8.4208384499999998e+00    7    7    7    7
 2.7181478862162316e+00    8    8    1    1
 2.0107662632557375e+00    8    8    2    2
 1.9982668620503141e+00    8    8    3    3
 3.8355748280248729e+00    8    8    4    4
 1.8228311889514266e+00    8    8    5    5
 2.7113522567702426e+00    8    8    6    6
 1.6206510039218276e+00    8    8    7    7
 8.4208384499999998e+00    8    8    8    8
-2.1005581619378251e+01    1    1    0    0
-1.9651337113587196e+01    2    2    0    0
-2.0146921056432494e+00    3    1    0    0
-2.1309935259451876e+01    3    3    0    0
-2.0146921056432494e+00    4    1    0    0
-2.1309935259451876e+01    4    4    0    0
-2.1154085080531075e+00    5    2    0    0
-1.9674690722108112e+00    5    3    0    0
-2.0113945650177776e+01    5    5    0    0
-2.1154085080531075e+00    6    2    0    0
-1.9674690722108112e+00    6    4    0    0
-2.0113945650177779e+01    6    6    0    0
-2.0772839758470676e+00    7    3    0    0
-1.6717590289190653e+01    7    7    0    0
-2.0772839758470676e+00    8    4    0    0
-1.6717590289190650e+01    8    8    0    0
 1.1215328436530304e+02    0    0    0    0
