&FCI NORB=4, NELEC=4, MS2=0,
 ORBSYM=1,1,1,1,
 ISYM=1,
&END
 8.4208384499999998e+00    1    1    1    1
 3.8164733238066368e+00    2    2    1    1
 8.4208384499999998e+00    2    2    2    2
 3.8164733238066368e+00    3    3    1    1
 2.7255220671597473e+00    3    3    2    2
 8.4208384499999998e+00    3    3    3    3
 3.8164733238912931e+00    4    4    1    1
 2.7255220671694094e+00    4    4    2    2
 2.7255220671694094e+00    4    4    3    3
 8.4208384499999998e+00    4    4    4    4
-1.1449419971504566e+01    1    1    0    0
-2.0321090117909995e+00    2    1    0    0
-9.2675174581357940e+00    2    2    0    0
-2.0321090117909995e+00    3    1    0    0
-9.2675174581357940e+00    3    3    0    0
-2.0321090119900123e+00    4    1    0    0
-9.2675174582301114e+00    4    4    0    0
 3.6467663073003131e+01    0    0    0    0
