&FCI NORB=4, NELEC=4, MS2=0,
 ORBSYM=1,1,1,1,
 ISYM=1,
&END
 8.4208384499999998e+00    1    1    1    1
 3.7791949264932088e+00    2    2    1    1
 8.4208384499999998e+00    2    2    2    2
 3.0767227524422092e+00    3    3    1    1
 3.7791949264932088e+00    3    3    2    2
 8.4208384499999998e+00    3    3    3    3
 3.7791949264932088e+00    4    4    1    1
 3.0767227524422092e+00    4    4    2    2
 3.7791949264932088e+00    4    4    3    3
 8.4208384499999998e+00    4    4    4    4
-1.0635112605428628e+01    1    1    0    0
-1.9455099843225969e+00    2    1    0    0
-1.0635112605428628e+01    2    2    0    0
-1.9455099843225969e+00    3    2    0    0
-1.0635112605428628e+01    3    3    0    0
-1.9455099843225969e+00    4    1    0    0
-1.9455099843225969e+00    4    3    0    0
-1.0635112605428628e+01    4    4    0    0
 3.8111902110857258e+01    0    0    0    0
